-10.0 -5247.0
-9.9 -5094.22
-9.8 -4944.44
-9.7 -4797.64
-9.6 -4653.8
-9.5 -4512.88
-9.4 -4374.84
-9.3 -4239.67
-9.2 -4107.32
-9.1 -3977.77
-8.99 -3838.47
-8.89 -3714.71
-8.79 -3593.66
-8.69 -3475.28
-8.59 -3359.55
-8.49 -3246.43
-8.39 -3135.9
-8.29 -3027.93
-8.19 -2922.49
-8.09 -2819.54
-7.99 -2719.06
-7.89 -2621.02
-7.79 -2525.38
-7.69 -2432.13
-7.59 -2341.21
-7.49 -2252.62
-7.39 -2166.31
-7.29 -2082.26
-7.19 -2000.44
-7.09 -1920.81
-6.98 -1835.72
-6.88 -1760.61
-6.78 -1687.61
-6.68 -1616.67
-6.58 -1547.78
-6.48 -1480.91
-6.38 -1416.02
-6.28 -1353.08
-6.18 -1292.07
-6.08 -1232.95
-5.98 -1175.7
-5.88 -1120.28
-5.78 -1066.66
-5.68 -1014.82
-5.58 -964.72
-5.48 -916.33
-5.38 -869.63
-5.28 -824.59
-5.18 -781.16
-5.08 -739.34
-4.97 -695.13
-4.87 -656.55
-4.77 -619.47
-4.67 -583.87
-4.57 -549.7
-4.47 -516.94
-4.37 -485.57
-4.27 -455.55
-4.17 -426.85
-4.07 -399.44
-3.97 -373.29
-3.87 -348.37
-3.77 -324.65
-3.67 -302.1
-3.57 -280.7
-3.47 -260.4
-3.37 -241.19
-3.27 -223.02
-3.17 -205.88
-3.07 -189.73
-2.96 -173.07
-2.86 -158.91
-2.76 -145.64
-2.66 -133.24
-2.56 -121.67
-2.46 -110.92
-2.36 -100.94
-2.26 -91.71
-2.16 -83.2
-2.06 -75.38
-1.96 -68.21
-1.86 -61.67
-1.76 -55.73
-1.66 -50.36
-1.56 -45.53
-1.46 -41.2
-1.36 -37.36
-1.26 -33.96
-1.16 -30.98
-1.06 -28.38
-0.95 -25.94
-0.85 -24.07
-0.75 -22.48
-0.65 -21.17
-0.55 -20.09
-0.45 -19.21
-0.35 -18.51
-0.25 -17.95
-0.15 -17.51
-0.05 -17.16
0.05 -16.85
0.15 -16.58
0.25 -16.3
0.35 -15.98
0.45 -15.6
0.55 -15.12
0.65 -14.52
0.75 -13.77
0.85 -12.82
0.95 -11.67
1.06 -10.11
1.16 -8.41
1.26 -6.39
1.36 -4.04
1.46 -1.32
1.56 1.79
1.66 5.34
1.76 9.34
1.86 13.84
1.96 18.84
2.06 24.4
2.16 30.54
2.26 37.28
2.36 44.66
2.46 52.71
2.56 61.46
2.66 70.93
2.76 81.17
2.86 92.19
2.96 104.03
3.07 118.03
3.17 131.69
3.27 146.25
3.37 161.76
3.47 178.24
3.57 195.72
3.67 214.23
3.77 233.8
3.87 254.46
3.97 276.24
4.07 299.18
4.17 323.29
4.27 348.62
4.37 375.18
4.47 403.02
4.57 432.16
4.67 462.63
4.77 494.46
4.87 527.68
4.97 562.33
5.08 602.11
5.18 639.83
5.28 679.07
5.38 719.86
5.48 762.21
5.58 806.17
5.68 851.77
5.78 899.03
5.88 947.98
5.98 998.66
6.08 1051.09
6.18 1105.3
6.28 1161.33
6.38 1219.2
6.48 1278.95
6.58 1340.6
6.68 1404.18
6.78 1469.73
6.88 1537.27
6.98 1606.84
7.09 1685.74
7.19 1759.65
7.29 1835.68
7.39 1913.86
7.49 1994.22
7.59 2076.78
7.69 2161.58
7.79 2248.65
7.89 2338.01
7.99 2429.7
8.09 2523.75
8.19 2620.18
8.29 2719.04
8.39 2820.33
8.49 2924.11
8.59 3030.39
8.69 3139.21
8.79 3250.6
8.89 3364.58
8.99 3481.19
9.1 3612.54
9.2 3734.76
9.3 3859.71
9.4 3987.4
9.5 4117.88
9.6 4251.16
9.7 4387.28
9.8 4526.28
9.9 4668.18
10.0 4813.0
