0.0 -17.0
0.1 -16.72
0.2 -16.44
0.3 -16.14
0.4 -15.8
0.5 -15.38
0.6 -14.84
0.7 -14.16
0.8 -13.32
0.9 -12.27
1.0 -11.0
1.1 -9.46
1.2 -7.64
1.3 -5.5
1.4 -3.0
1.5 -0.12
1.6 3.16
1.7 6.88
1.8 11.08
1.9 15.77
2.0 21.0
2.1 26.79
2.2 33.16
2.3 40.15
2.4 47.8
2.5 56.12
2.6 65.16
2.7 74.94
2.8 85.48
2.9 96.82
3.0 109.0
3.1 122.04
3.2 135.96
3.3 150.8
3.4 166.6
3.5 183.38
3.6 201.16
3.7 219.99
3.8 239.88
3.9 260.87
4.0 283.0
4.1 306.28
4.2 330.76
4.3 356.45
4.4 383.4
4.5 411.62
4.6 441.16
4.7 472.04
4.8 504.28
4.9 537.93
5.01 576.59
5.11 613.27
5.21 651.45
5.31 691.14
5.41 732.4
5.51 775.23
5.61 819.68
5.71 865.77
5.81 913.53
5.91 963.0
6.01 1014.2
6.11 1067.16
6.21 1121.92
6.31 1178.5
6.41 1236.93
6.51 1297.24
6.61 1359.47
6.71 1423.64
6.81 1489.78
6.91 1557.93
7.01 1628.11
7.11 1700.35
7.21 1774.69
7.31 1851.15
7.41 1929.76
7.51 2010.55
7.61 2093.56
7.71 2178.81
7.81 2266.34
7.91 2356.16
8.01 2448.32
8.11 2542.84
8.21 2639.76
8.31 2739.1
8.41 2840.89
8.51 2945.17
8.61 3051.95
8.71 3161.28
8.81 3273.19
8.91 3387.69
9.01 3504.83
9.11 3624.64
9.21 3747.13
9.31 3872.35
9.41 4000.32
9.51 4131.08
9.61 4264.64
9.71 4401.05
9.81 4540.34
9.91 4682.53
10.01 4827.64
10.11 4975.73
10.21 5126.8
10.31 5280.9
10.41 5438.05
10.51 5598.29
10.61 5761.64
10.71 5928.13
10.81 6097.79
10.91 6270.66
11.01 6446.76
11.11 6626.12
11.21 6808.77
11.31 6994.75
11.41 7184.08
11.51 7376.8
11.61 7572.93
11.71 7772.5
11.81 7975.54
11.91 8182.09
12.01 8392.17
12.11 8605.81
12.21 8823.05
12.31 9043.9
12.41 9268.42
12.51 9496.61
12.61 9728.52
12.71 9964.17
12.81 10203.59
12.91 10446.82
13.01 10693.88
13.11 10944.8
13.21 11199.62
13.31 11458.36
13.41 11721.05
13.51 11987.72
13.61 12258.41
13.71 12533.14
13.81 12811.94
13.91 13094.85
14.01 13381.89
14.11 13673.09
14.21 13968.49
14.31 14268.11
14.41 14571.98
14.51 14880.13
14.61 15192.6
14.71 15509.41
14.81 15830.6
14.91 16156.18
15.02 16519.45
15.12 16854.38
15.22 17193.81
15.32 17537.76
15.42 17886.27
15.52 18239.36
15.62 18597.07
15.72 18959.43
15.82 19326.46
15.92 19698.2
16.02 20074.68
16.12 20455.92
16.22 20841.95
16.32 21232.82
16.42 21628.53
16.52 22029.14
16.62 22434.66
16.72 22845.13
16.82 23260.57
16.92 23681.02
17.02 24106.5
17.12 24537.05
17.22 24972.7
17.32 25413.47
17.42 25859.4
17.52 26310.51
17.62 26766.84
17.72 27228.42
17.82 27695.27
17.92 28167.43
18.02 28644.93
18.12 29127.79
18.22 29616.04
18.32 30109.73
18.42 30608.87
18.52 31113.49
18.62 31623.63
18.72 32139.32
18.82 32660.58
18.92 33187.45
19.02 33719.95
19.12 34258.12
19.22 34801.99
19.32 35351.58
19.42 35906.93
19.52 36468.07
19.62 37035.02
19.72 37607.81
19.82 38186.49
19.92 38771.06
20.02 39361.58
20.12 39958.06
20.22 40560.54
20.32 41169.04
20.42 41783.6
20.52 42404.24
20.62 43031.0
20.72 43663.91
20.82 44302.99
20.92 44948.28
21.02 45599.81
21.12 46257.6
21.22 46921.68
21.32 47592.1
21.42 48268.86
21.52 48952.02
21.62 49641.59
21.72 50337.61
21.82 51040.1
21.92 51749.1
22.02 52464.63
22.12 53186.73
22.22 53915.43
22.32 54650.75
22.42 55392.73
22.52 56141.39
22.62 56896.77
22.72 57658.9
22.82 58427.8
22.92 59203.51
23.02 59986.06
23.12 60775.47
23.22 61571.77
23.32 62375.01
23.42 63185.2
23.52 64002.37
23.62 64826.56
23.72 65657.8
23.82 66496.11
23.92 67341.53
24.02 68194.08
24.12 69053.8
24.22 69920.72
24.32 70794.86
24.42 71676.26
24.52 72564.95
24.62 73460.95
24.72 74364.29
24.82 75275.02
24.92 76193.14
25.03 77211.68
25.13 78145.45
25.23 79086.73
25.33 80035.54
25.43 80991.91
25.53 81955.86
25.63 82927.43
25.73 83906.66
25.83 84893.56
25.93 85888.17
26.03 86890.52
26.13 87900.64
26.23 88918.56
26.33 89944.3
26.43 90977.91
26.53 92019.4
26.63 93068.82
26.73 94126.18
26.83 95191.52
26.93 96264.87
27.03 97346.26
27.13 98435.72
27.23 99533.28
27.33 100638.97
27.43 101752.81
27.53 102874.85
27.63 104005.1
27.73 105143.6
27.83 106290.39
27.93 107445.48
28.03 108608.91
28.13 109780.71
28.23 110960.9
28.33 112149.53
28.43 113346.62
28.53 114552.19
28.63 115766.28
28.73 116988.93
28.83 118220.15
28.93 119459.98
29.03 120708.45
29.13 121965.59
29.23 123231.43
29.33 124505.99
29.43 125789.32
29.53 127081.43
29.63 128382.37
29.73 129692.15
29.83 131010.81
29.93 132338.38
30.03 133674.89
30.13 135020.37
30.23 136374.85
30.33 137738.36
30.43 139110.92
30.53 140492.58
30.63 141883.35
30.73 143283.27
30.83 144692.38
30.93 146110.69
31.03 147538.24
31.13 148975.06
31.23 150421.17
31.33 151876.62
31.43 153341.43
31.53 154815.62
31.63 156299.23
31.73 157792.3
31.83 159294.84
31.93 160806.89
32.03 162328.48
32.13 163859.64
32.23 165400.4
32.33 166950.78
32.43 168510.83
32.53 170080.56
32.63 171660.02
32.73 173249.22
32.83 174848.2
32.93 176456.99
33.03 178075.62
33.13 179704.12
33.23 181342.52
33.33 182990.85
33.43 184649.13
33.53 186317.41
33.63 187995.7
33.73 189684.04
33.83 191382.47
33.93 193091.0
34.03 194809.67
34.13 196538.51
34.23 198277.54
34.33 200026.81
34.43 201786.34
34.53 203556.15
34.63 205336.29
34.73 207126.77
34.83 208927.63
34.93 210738.9
35.04 212743.36
35.14 214576.58
35.24 216420.31
35.34 218274.58
35.44 220139.4
35.54 222014.81
35.64 223900.85
35.74 225797.54
35.84 227704.91
35.94 229623.0
36.04 231551.82
36.14 233491.42
36.24 235441.82
36.34 237403.05
36.44 239375.14
36.54 241358.13
36.64 243352.04
36.74 245356.89
36.84 247372.74
36.94 249399.59
37.04 251437.49
37.14 253486.45
37.24 255546.52
37.34 257617.72
37.44 259700.09
37.54 261793.64
37.64 263898.42
37.74 266014.45
37.84 268141.76
37.94 270280.38
38.04 272430.35
38.14 274591.69
38.24 276764.43
38.34 278948.6
38.44 281144.23
38.54 283351.36
38.64 285570.0
38.74 287800.2
38.84 290041.98
38.94 292295.38
39.04 294560.41
39.14 296837.12
39.24 299125.53
39.34 301425.67
39.44 303737.57
39.54 306061.27
39.64 308396.79
39.74 310744.16
39.84 313103.41
39.94 315474.57
40.04 317857.68
40.14 320252.75
40.24 322659.83
40.34 325078.95
40.44 327510.12
40.54 329953.38
40.64 332408.77
40.74 334876.31
40.84 337356.03
40.94 339847.97
41.04 342352.14
41.14 344868.59
41.24 347397.34
41.34 349938.42
41.44 352491.86
41.54 355057.7
41.64 357635.96
41.74 360226.66
41.84 362829.86
41.94 365445.56
42.04 368073.81
42.14 370714.62
42.24 373368.04
42.34 376034.09
42.44 378712.81
42.54 381404.21
42.64 384108.34
42.74 386825.22
42.84 389554.88
42.94 392297.35
43.04 395052.67
43.14 397820.86
43.24 400601.95
43.34 403395.97
43.44 406202.95
43.54 409022.93
43.64 411855.92
43.74 414701.97
43.84 417561.1
43.94 420433.35
44.04 423318.73
44.14 426217.29
44.24 429129.05
44.34 432054.04
44.44 434992.29
44.54 437943.84
44.64 440908.71
44.74 443886.93
44.84 446878.53
44.94 449883.54
45.05 453204.58
45.15 456237.86
45.25 459284.64
45.35 462344.96
45.45 465418.84
45.55 468506.31
45.65 471607.42
45.75 474722.17
45.85 477850.61
45.95 480992.77
46.05 484148.67
46.15 487318.35
46.25 490501.83
46.35 493699.14
46.45 496910.33
46.55 500135.4
46.65 503374.4
46.75 506627.36
46.85 509894.3
46.95 513175.26
47.05 516470.26
47.15 519779.33
47.25 523102.52
47.35 526439.83
47.45 529791.31
47.55 533156.99
47.65 536536.89
47.75 539931.05
47.85 543339.49
47.95 546762.24
48.05 550199.35
48.15 553650.82
48.25 557116.7
48.35 560597.02
48.45 564091.8
48.55 567601.08
48.65 571124.88
48.75 574663.23
48.85 578216.18
48.95 581783.73
49.05 585365.93
49.15 588962.81
49.25 592574.39
49.35 596200.71
49.45 599841.79
49.55 603497.66
49.65 607168.37
49.75 610853.92
49.85 614554.36
49.95 618269.72
50.05 622000.02
50.15 625745.3
50.25 629505.58
50.35 633280.89
50.45 637071.28
50.55 640876.75
50.65 644697.35
50.75 648533.11
50.85 652384.05
50.95 656250.21
51.05 660131.61
51.15 664028.28
51.25 667940.27
51.35 671867.58
51.45 675810.26
51.55 679768.34
51.65 683741.84
51.75 687730.8
51.85 691735.24
51.95 695755.19
52.05 699790.7
52.15 703841.77
52.25 707908.45
52.35 711990.77
52.45 716088.75
52.55 720202.43
52.65 724331.83
52.75 728476.98
52.85 732637.93
52.95 736814.68
53.05 741007.28
53.15 745215.76
53.25 749440.14
53.35 753680.46
53.45 757936.74
53.55 762209.01
53.65 766497.32
53.75 770801.67
53.85 775122.11
53.95 779458.67
54.05 783811.37
54.15 788180.25
54.25 792565.33
54.35 796966.64
54.45 801384.23
54.55 805818.1
54.65 810268.3
54.75 814734.86
54.85 819217.8
54.95 823717.16
55.06 828685.44
55.16 833219.37
55.26 837769.8
55.36 842336.77
55.46 846920.31
55.56 851520.45
55.66 856137.22
55.76 860770.64
55.86 865420.75
55.96 870087.58
56.06 874771.16
56.16 879471.51
56.26 884188.68
56.36 888922.68
56.46 893673.55
56.56 898441.31
56.66 903226.01
56.76 908027.66
56.86 912846.31
56.96 917681.96
57.06 922534.67
57.16 927404.46
57.26 932291.35
57.36 937195.38
57.46 942116.58
57.56 947054.98
57.66 952010.6
57.76 956983.49
57.86 961973.66
57.96 966981.15
58.06 972005.99
58.16 977048.2
58.26 982107.82
58.36 987184.89
58.46 992279.42
58.56 997391.44
58.66 1002521.0
58.76 1007668.11
58.86 1012832.81
58.96 1018015.13
59.06 1023215.1
59.16 1028432.75
59.26 1033668.1
59.36 1038921.19
59.46 1044192.05
59.56 1049480.71
59.66 1054787.19
59.76 1060111.54
59.86 1065453.77
59.96 1070813.92
60.06 1076192.01
60.16 1081588.09
60.26 1087002.17
60.36 1092434.29
60.46 1097884.48
60.56 1103352.77
60.66 1108839.19
60.76 1114343.76
60.86 1119866.52
60.96 1125407.5
61.06 1130966.73
61.16 1136544.23
61.26 1142140.05
61.36 1147754.2
61.46 1153386.72
61.56 1159037.63
61.66 1164706.98
61.76 1170394.78
61.86 1176101.08
61.96 1181825.88
62.06 1187569.24
62.16 1193331.18
62.26 1199111.72
62.36 1204910.9
62.46 1210728.75
62.56 1216565.3
62.66 1222420.57
62.76 1228294.61
62.86 1234187.43
62.96 1240099.07
63.06 1246029.56
63.16 1251978.92
63.26 1257947.19
63.36 1263934.41
63.46 1269940.59
63.56 1275965.76
63.66 1282009.97
63.76 1288073.23
63.86 1294155.58
63.96 1300257.05
64.06 1306377.67
64.16 1312517.47
64.26 1318676.47
64.36 1324854.71
64.46 1331052.22
64.56 1337269.03
64.66 1343505.16
64.76 1349760.66
64.86 1356035.54
64.96 1362329.84
65.07 1369276.03
65.17 1375611.2
65.27 1381965.89
65.37 1388340.12
65.47 1394733.91
65.57 1401147.31
65.67 1407580.34
65.77 1414033.03
65.87 1420505.42
65.97 1426997.52
66.07 1433509.37
66.17 1440041.01
66.27 1446592.45
66.37 1453163.74
66.47 1459754.9
66.57 1466365.96
66.67 1472996.95
66.77 1479647.9
66.87 1486318.84
66.97 1493009.8
67.07 1499720.82
67.17 1506451.91
67.27 1513203.12
67.37 1519974.46
67.47 1526765.98
67.57 1533577.7
67.67 1540409.65
67.77 1547261.86
67.87 1554134.36
67.97 1561027.19
68.07 1567940.36
68.17 1574873.91
68.27 1581827.88
68.37 1588802.29
68.47 1595797.17
68.57 1602812.54
68.67 1609848.45
68.77 1616904.92
68.87 1623981.99
68.97 1631079.67
69.07 1638198.0
69.17 1645337.02
69.27 1652496.74
69.37 1659677.21
69.47 1666878.45
69.57 1674100.49
69.67 1681343.36
69.77 1688607.09
69.87 1695891.71
69.97 1703197.25
70.07 1710523.75
70.17 1717871.22
70.27 1725239.71
70.37 1732629.23
70.47 1740039.83
70.57 1747471.53
70.67 1754924.36
70.77 1762398.35
70.87 1769893.53
70.97 1777409.94
71.07 1784947.59
71.17 1792506.53
71.27 1800086.77
71.37 1807688.36
71.47 1815311.32
71.57 1822955.67
71.67 1830621.46
71.77 1838308.72
71.87 1846017.46
71.97 1853747.72
72.07 1861499.53
72.17 1869272.93
72.27 1877067.93
72.37 1884884.58
72.47 1892722.9
72.57 1900582.92
72.67 1908464.67
72.77 1916368.18
72.87 1924293.48
72.97 1932240.6
73.07 1940209.58
73.17 1948200.43
73.27 1956213.2
73.37 1964247.9
73.47 1972304.58
73.57 1980383.26
73.67 1988483.97
73.77 1996606.74
73.87 2004751.6
73.97 2012918.59
74.07 2021107.72
74.17 2029319.04
74.27 2037552.56
74.37 2045808.33
74.47 2054086.37
74.57 2062386.71
74.67 2070709.38
74.77 2079054.41
74.87 2087421.83
74.97 2095811.67
75.08 2105066.43
75.18 2113503.45
75.28 2121962.99
75.38 2130445.08
75.48 2138949.73
75.58 2147476.99
75.68 2156026.89
75.78 2164599.45
75.88 2173194.7
75.98 2181812.68
76.08 2190453.41
76.18 2199116.92
76.28 2207803.25
76.38 2216512.42
76.48 2225244.47
76.58 2233999.42
76.68 2242777.3
76.78 2251578.15
76.88 2260401.99
76.98 2269248.86
77.08 2278118.78
77.18 2287011.79
77.28 2295927.9
77.38 2304867.17
77.48 2313829.6
77.58 2322815.24
77.68 2331824.12
77.78 2340856.26
77.88 2349911.69
77.98 2358990.45
78.08 2368092.56
78.18 2377218.05
78.28 2386366.96
78.38 2395539.31
78.48 2404735.14
78.58 2413954.47
78.68 2423197.34
78.78 2432463.76
78.88 2441753.79
78.98 2451067.43
79.08 2460404.73
79.18 2469765.72
79.28 2479150.42
79.38 2488558.86
79.48 2497991.08
79.58 2507447.1
79.68 2516926.95
79.78 2526430.67
79.88 2535958.28
79.98 2545509.82
80.08 2555085.31
80.18 2564684.78
80.28 2574308.27
80.38 2583955.81
80.48 2593627.41
80.58 2603323.12
80.68 2613042.97
80.78 2622786.98
80.88 2632555.18
80.98 2642347.61
81.08 2652164.29
81.18 2662005.25
81.28 2671870.53
81.38 2681760.15
81.48 2691674.15
81.58 2701612.55
81.68 2711575.38
81.78 2721562.68
81.88 2731574.47
81.98 2741610.79
82.08 2751671.66
82.18 2761757.12
82.28 2771867.18
82.38 2782001.9
82.48 2792161.28
82.58 2802345.37
82.68 2812554.2
82.78 2822787.79
82.88 2833046.17
82.98 2843329.38
83.08 2853637.44
83.18 2863970.38
83.28 2874328.24
83.38 2884711.04
83.48 2895118.82
83.58 2905551.6
83.68 2916009.42
83.78 2926492.29
83.88 2937000.27
83.98 2947533.36
84.08 2958091.61
84.18 2968675.05
84.28 2979283.7
84.38 2989917.59
84.48 3000576.76
84.58 3011261.23
84.68 3021971.03
84.78 3032706.2
84.88 3043466.76
84.98 3054252.75
85.09 3066146.73
85.19 3076986.21
85.29 3087851.2
85.39 3098741.74
85.49 3109657.86
85.59 3120599.58
85.69 3131566.94
85.79 3142559.96
85.89 3153578.69
85.99 3164623.14
86.09 3175693.35
86.19 3186789.34
86.29 3197911.15
86.39 3209058.81
86.49 3220232.35
86.59 3231431.79
86.69 3242657.17
86.79 3253908.52
86.89 3265185.86
86.99 3276489.23
87.09 3287818.66
87.19 3299174.17
87.29 3310555.8
87.39 3321963.58
87.49 3333397.54
87.59 3344857.7
87.69 3356344.1
87.79 3367856.77
87.89 3379395.73
87.99 3390961.02
88.09 3402552.67
88.19 3414170.7
88.29 3425815.16
88.39 3437486.05
88.49 3449183.43
88.59 3460907.31
88.69 3472657.73
88.79 3484434.72
88.89 3496238.3
88.99 3508068.51
89.09 3519925.38
89.19 3531808.94
89.29 3543719.21
89.39 3555656.23
89.49 3567620.02
89.59 3579610.62
89.69 3591628.06
89.79 3603672.37
89.89 3615743.57
89.99 3627841.7
90.09 3639966.79
90.19 3652118.87
90.29 3664297.96
90.39 3676504.1
90.49 3688737.31
90.59 3700997.64
90.69 3713285.1
90.79 3725599.72
90.89 3737941.55
90.99 3750310.6
91.09 3762706.9
91.19 3775130.5
91.29 3787581.41
91.39 3800059.67
91.49 3812565.3
91.59 3825098.35
91.69 3837658.83
91.79 3850246.77
91.89 3862862.22
91.99 3875505.19
92.09 3888175.72
92.19 3900873.83
92.29 3913599.56
92.39 3926352.94
92.49 3939134.0
92.59 3951942.76
92.69 3964779.26
92.79 3977643.52
92.89 3990535.59
92.99 4003455.48
93.09 4016403.23
93.19 4029378.86
93.29 4042382.41
93.39 4055413.91
93.49 4068473.39
93.59 4081560.87
93.69 4094676.39
93.79 4107819.98
93.89 4120991.66
93.99 4134191.47
94.09 4147419.44
94.19 4160675.59
94.29 4173959.96
94.39 4187272.58
94.49 4200613.48
94.59 4213982.68
94.69 4227380.22
94.79 4240806.13
94.89 4254260.43
94.99 4267743.16
95.1 4282607.03
95.2 4296149.56
95.3 4309720.61
95.4 4323320.2
95.5 4336948.38
95.6 4350605.16
95.7 4364290.58
95.8 4378004.68
95.9 4391747.48
96.0 4405519.0
96.1 4419319.28
96.2 4433148.36
96.3 4447006.26
96.4 4460893.0
96.5 4474808.62
96.6 4488753.16
96.7 4502726.64
96.8 4516729.08
96.9 4530760.53
97.0 4544821.0
97.1 4558910.53
97.2 4573029.16
97.3 4587176.9
97.4 4601353.8
97.5 4615559.88
97.6 4629795.16
97.7 4644059.69
97.8 4658353.48
97.9 4672676.58
98.0 4687029.0
98.1 4701410.78
98.2 4715821.96
98.3 4730262.56
98.4 4744732.6
98.5 4759232.12
98.6 4773761.16
98.7 4788319.74
98.8 4802907.88
98.9 4817525.63
99.0 4832173.0
99.1 4846850.03
99.2 4861556.76
99.3 4876293.2
99.4 4891059.4
99.5 4905855.38
99.6 4920681.16
99.7 4935536.78
99.8 4950422.28
99.9 4965337.68
100.0 4980283.0
