1 100 -5 17 900
0.0 0.0
0.01 0.01
0.02 0.02
0.03 0.03
0.04 0.04
0.05 0.05
0.06 0.06
0.07 0.07
0.08 0.08
0.09 0.09
0.1 0.1
0.11 0.1
0.12 0.11
0.13 0.12
0.14 0.13
0.15 0.14
0.16 0.15
0.17 0.16
0.18 0.17
0.19 0.17
0.2 0.18
0.21 0.19
0.22 0.2
0.23 0.21
0.24 0.22
0.25 0.22
0.26 0.23
0.27 0.24
0.28 0.25
0.29 0.25
0.3 0.26
0.31 0.27
0.32 0.28
0.33 0.29
0.34 0.29
0.35 0.3
0.36 0.31
0.37 0.31
0.38 0.32
0.39 0.33
0.4 0.34
0.41 0.34
0.42 0.35
0.43 0.36
0.44 0.36
0.45 0.37
0.46 0.38
0.47 0.39
0.48 0.39
0.49 0.4
0.5 0.41
0.51 0.41
0.52 0.42
0.53 0.43
0.54 0.43
0.55 0.44
0.56 0.44
0.57 0.45
0.58 0.46
0.59 0.46
0.6 0.47
0.61 0.48
0.62 0.48
0.63 0.49
0.64 0.49
0.65 0.5
0.66 0.51
0.67 0.51
0.68 0.52
0.69 0.52
0.7 0.53
0.71 0.54
0.72 0.54
0.73 0.55
0.74 0.55
0.75 0.56
0.76 0.57
0.77 0.57
0.78 0.58
0.79 0.58
0.8 0.59
0.81 0.59
0.82 0.6
0.83 0.6
0.84 0.61
0.85 0.62
0.86 0.62
0.87 0.63
0.88 0.63
0.89 0.64
0.9 0.64
0.91 0.65
0.92 0.65
0.93 0.66
0.94 0.66
0.95 0.67
0.96 0.67
0.97 0.68
0.98 0.68
0.99 0.69
1.0 0.69
1.01 0.7
1.02 0.7
1.03 0.71
1.04 0.71
1.05 0.72
1.06 0.72
1.07 0.73
1.08 0.73
1.09 0.74
1.1 0.74
1.11 0.75
1.12 0.75
1.13 0.76
1.14 0.76
1.15 0.77
1.16 0.77
1.17 0.77
1.18 0.78
1.19 0.78
1.2 0.79
1.21 0.79
1.22 0.8
1.23 0.8
1.24 0.81
1.25 0.81
1.26 0.82
1.27 0.82
1.28 0.82
1.29 0.83
1.3 0.83
1.31 0.84
1.32 0.84
1.33 0.85
1.34 0.85
1.35 0.85
1.36 0.86
1.37 0.86
1.38 0.87
1.39 0.87
1.4 0.88
1.41 0.88
1.42 0.88
1.43 0.89
1.44 0.89
1.45 0.9
1.46 0.9
1.47 0.9
1.48 0.91
1.49 0.91
1.5 0.92
1.51 0.92
1.52 0.92
1.53 0.93
1.54 0.93
1.55 0.94
1.56 0.94
1.57 0.94
1.58 0.95
1.59 0.95
1.6 0.96
1.61 0.96
1.62 0.96
1.63 0.97
1.64 0.97
1.65 0.97
1.66 0.98
1.67 0.98
1.68 0.99
1.69 0.99
1.7 0.99
1.71 1.0
1.72 1.0
1.73 1.0
1.74 1.01
1.75 1.01
1.76 1.02
1.77 1.02
1.78 1.02
1.79 1.03
1.8 1.03
1.81 1.03
1.82 1.04
1.83 1.04
1.84 1.04
1.85 1.05
1.86 1.05
1.87 1.05
1.88 1.06
1.89 1.06
1.9 1.06
1.91 1.07
1.92 1.07
1.93 1.08
1.94 1.08
1.95 1.08
1.96 1.09
1.97 1.09
1.98 1.09
1.99 1.1
2.0 1.1
2.01 1.1
2.02 1.11
2.03 1.11
2.04 1.11
2.05 1.12
2.06 1.12
2.07 1.12
2.08 1.12
2.09 1.13
2.1 1.13
2.11 1.13
2.12 1.14
2.13 1.14
2.14 1.14
2.15 1.15
2.16 1.15
2.17 1.15
2.18 1.16
2.19 1.16
2.2 1.16
2.21 1.17
2.22 1.17
2.23 1.17
2.24 1.18
2.25 1.18
2.26 1.18
2.27 1.18
2.28 1.19
2.29 1.19
2.3 1.19
2.31 1.2
2.32 1.2
2.33 1.2
2.34 1.21
2.35 1.21
2.36 1.21
2.37 1.21
2.38 1.22
2.39 1.22
2.4 1.22
2.41 1.23
2.42 1.23
2.43 1.23
2.44 1.24
2.45 1.24
2.46 1.24
2.47 1.24
2.48 1.25
2.49 1.25
2.5 1.25
2.51 1.26
2.52 1.26
2.53 1.26
2.54 1.26
2.55 1.27
2.56 1.27
2.57 1.27
2.58 1.28
2.59 1.28
2.6 1.28
2.61 1.28
2.62 1.29
2.63 1.29
2.64 1.29
2.65 1.29
2.66 1.3
2.67 1.3
2.68 1.3
2.69 1.31
2.7 1.31
2.71 1.31
2.72 1.31
2.73 1.32
2.74 1.32
2.75 1.32
2.76 1.32
2.77 1.33
2.78 1.33
2.79 1.33
2.8 1.34
2.81 1.34
2.82 1.34
2.83 1.34
2.84 1.35
2.85 1.35
2.86 1.35
2.87 1.35
2.88 1.36
2.89 1.36
2.9 1.36
2.91 1.36
2.92 1.37
2.93 1.37
2.94 1.37
2.95 1.37
2.96 1.38
2.97 1.38
2.98 1.38
2.99 1.38
3.0 1.39
3.01 1.39
3.02 1.39
3.03 1.39
3.04 1.4
3.05 1.4
3.06 1.4
3.07 1.4
3.08 1.41
3.09 1.41
3.1 1.41
3.11 1.41
3.12 1.42
3.13 1.42
3.14 1.42
3.15 1.42
3.16 1.43
3.17 1.43
3.18 1.43
3.19 1.43
3.2 1.44
3.21 1.44
3.22 1.44
3.23 1.44
3.24 1.44
3.25 1.45
3.26 1.45
3.27 1.45
3.28 1.45
3.29 1.46
3.3 1.46
3.31 1.46
3.32 1.46
3.33 1.47
3.34 1.47
3.35 1.47
3.36 1.47
3.37 1.47
3.38 1.48
3.39 1.48
3.4 1.48
3.41 1.48
3.42 1.49
3.43 1.49
3.44 1.49
3.45 1.49
3.46 1.5
3.47 1.5
3.48 1.5
3.49 1.5
3.5 1.5
3.51 1.51
3.52 1.51
3.53 1.51
3.54 1.51
3.55 1.52
3.56 1.52
3.57 1.52
3.58 1.52
3.59 1.52
3.6 1.53
3.61 1.53
3.62 1.53
3.63 1.53
3.64 1.53
3.65 1.54
3.66 1.54
3.67 1.54
3.68 1.54
3.69 1.55
3.7 1.55
3.71 1.55
3.72 1.55
3.73 1.55
3.74 1.56
3.75 1.56
3.76 1.56
3.77 1.56
3.78 1.56
3.79 1.57
3.8 1.57
3.81 1.57
3.82 1.57
3.83 1.57
3.84 1.58
3.85 1.58
3.86 1.58
3.87 1.58
3.88 1.59
3.89 1.59
3.9 1.59
3.91 1.59
3.92 1.59
3.93 1.6
3.94 1.6
3.95 1.6
3.96 1.6
3.97 1.6
3.98 1.61
3.99 1.61
4.0 1.61
4.01 1.61
4.02 1.61
4.03 1.62
4.04 1.62
4.05 1.62
4.06 1.62
4.07 1.62
4.08 1.63
4.09 1.63
4.1 1.63
4.11 1.63
4.12 1.63
4.13 1.64
4.14 1.64
4.15 1.64
4.16 1.64
4.17 1.64
4.18 1.64
4.19 1.65
4.2 1.65
4.21 1.65
4.22 1.65
4.23 1.65
4.24 1.66
4.25 1.66
4.26 1.66
4.27 1.66
4.28 1.66
4.29 1.67
4.3 1.67
4.31 1.67
4.32 1.67
4.33 1.67
4.34 1.68
4.35 1.68
4.36 1.68
4.37 1.68
4.38 1.68
4.39 1.68
4.4 1.69
4.41 1.69
4.42 1.69
4.43 1.69
4.44 1.69
4.45 1.7
4.46 1.7
4.47 1.7
4.48 1.7
4.49 1.7
4.51 1.71
4.52 1.71
4.53 1.71
4.54 1.71
4.55 1.71
4.56 1.72
4.57 1.72
4.58 1.72
4.59 1.72
4.6 1.72
4.61 1.72
4.62 1.73
4.63 1.73
4.64 1.73
4.65 1.73
4.66 1.73
4.67 1.74
4.68 1.74
4.69 1.74
4.7 1.74
4.71 1.74
4.72 1.74
4.73 1.75
4.74 1.75
4.75 1.75
4.76 1.75
4.77 1.75
4.78 1.75
4.79 1.76
4.8 1.76
4.81 1.76
4.82 1.76
4.83 1.76
4.84 1.76
4.85 1.77
4.86 1.77
4.87 1.77
4.88 1.77
4.89 1.77
4.9 1.77
4.91 1.78
4.92 1.78
4.93 1.78
4.94 1.78
4.95 1.78
4.96 1.79
4.97 1.79
4.98 1.79
4.99 1.79
5.0 1.79
5.01 1.79
5.02 1.8
5.03 1.8
5.04 1.8
5.05 1.8
5.06 1.8
5.07 1.8
5.08 1.81
5.09 1.81
5.1 1.81
5.11 1.81
5.12 1.81
5.13 1.81
5.14 1.81
5.15 1.82
5.16 1.82
5.17 1.82
5.18 1.82
5.19 1.82
5.2 1.82
5.21 1.83
5.22 1.83
5.23 1.83
5.24 1.83
5.25 1.83
5.26 1.83
5.27 1.84
5.28 1.84
5.29 1.84
5.3 1.84
5.31 1.84
5.32 1.84
5.33 1.85
5.34 1.85
5.35 1.85
5.36 1.85
5.37 1.85
5.38 1.85
5.39 1.85
5.4 1.86
5.41 1.86
5.42 1.86
5.43 1.86
5.44 1.86
5.45 1.86
5.46 1.87
5.47 1.87
5.48 1.87
5.49 1.87
5.5 1.87
5.51 1.87
5.52 1.87
5.53 1.88
5.54 1.88
5.55 1.88
5.56 1.88
5.57 1.88
5.58 1.88
5.59 1.89
5.6 1.89
5.61 1.89
5.62 1.89
5.63 1.89
5.64 1.89
5.65 1.89
5.66 1.9
5.67 1.9
5.68 1.9
5.69 1.9
5.7 1.9
5.71 1.9
5.72 1.91
5.73 1.91
5.74 1.91
5.75 1.91
5.76 1.91
5.77 1.91
5.78 1.91
5.79 1.92
5.8 1.92
5.81 1.92
5.82 1.92
5.83 1.92
5.84 1.92
5.85 1.92
5.86 1.93
5.87 1.93
5.88 1.93
5.89 1.93
5.9 1.93
5.91 1.93
5.92 1.93
5.93 1.94
5.94 1.94
5.95 1.94
5.96 1.94
5.97 1.94
5.98 1.94
5.99 1.94
6.0 1.95
6.01 1.95
6.02 1.95
6.03 1.95
6.04 1.95
6.05 1.95
6.06 1.95
6.07 1.96
6.08 1.96
6.09 1.96
6.1 1.96
6.11 1.96
6.12 1.96
6.13 1.96
6.14 1.97
6.15 1.97
6.16 1.97
6.17 1.97
6.18 1.97
6.19 1.97
6.2 1.97
6.21 1.98
6.22 1.98
6.23 1.98
6.24 1.98
6.25 1.98
6.26 1.98
6.27 1.98
6.28 1.99
6.29 1.99
6.3 1.99
6.31 1.99
6.32 1.99
6.33 1.99
6.34 1.99
6.35 1.99
6.36 2.0
6.37 2.0
6.38 2.0
6.39 2.0
6.4 2.0
6.41 2.0
6.42 2.0
6.43 2.01
6.44 2.01
6.45 2.01
6.46 2.01
6.47 2.01
6.48 2.01
6.49 2.01
6.5 2.01
6.51 2.02
6.52 2.02
6.53 2.02
6.54 2.02
6.55 2.02
6.56 2.02
6.57 2.02
6.58 2.03
6.59 2.03
6.6 2.03
6.61 2.03
6.62 2.03
6.63 2.03
6.64 2.03
6.65 2.03
6.66 2.04
6.67 2.04
6.68 2.04
6.69 2.04
6.7 2.04
6.71 2.04
6.72 2.04
6.73 2.05
6.74 2.05
6.75 2.05
6.76 2.05
6.77 2.05
6.78 2.05
6.79 2.05
6.8 2.05
6.81 2.06
6.82 2.06
6.83 2.06
6.84 2.06
6.85 2.06
6.86 2.06
6.87 2.06
6.88 2.06
6.89 2.07
6.9 2.07
6.91 2.07
6.92 2.07
6.93 2.07
6.94 2.07
6.95 2.07
6.96 2.07
6.97 2.08
6.98 2.08
6.99 2.08
7.0 2.08
7.01 2.08
7.02 2.08
7.03 2.08
7.04 2.08
7.05 2.09
7.06 2.09
7.07 2.09
7.08 2.09
7.09 2.09
7.1 2.09
7.11 2.09
7.12 2.09
7.13 2.1
7.14 2.1
7.15 2.1
7.16 2.1
7.17 2.1
7.18 2.1
7.19 2.1
7.2 2.1
7.21 2.11
7.22 2.11
7.23 2.11
7.24 2.11
7.25 2.11
7.26 2.11
7.27 2.11
7.28 2.11
7.29 2.12
7.3 2.12
7.31 2.12
7.32 2.12
7.33 2.12
7.34 2.12
7.35 2.12
7.36 2.12
7.37 2.12
7.38 2.13
7.39 2.13
7.4 2.13
7.41 2.13
7.42 2.13
7.43 2.13
7.44 2.13
7.45 2.13
7.46 2.14
7.47 2.14
7.48 2.14
7.49 2.14
7.5 2.14
7.51 2.14
7.52 2.14
7.53 2.14
7.54 2.14
7.55 2.15
7.56 2.15
7.57 2.15
7.58 2.15
7.59 2.15
7.6 2.15
7.61 2.15
7.62 2.15
7.63 2.16
7.64 2.16
7.65 2.16
7.66 2.16
7.67 2.16
7.68 2.16
7.69 2.16
7.7 2.16
7.71 2.16
7.72 2.17
7.73 2.17
7.74 2.17
7.75 2.17
7.76 2.17
7.77 2.17
7.78 2.17
7.79 2.17
7.8 2.17
7.81 2.18
7.82 2.18
7.83 2.18
7.84 2.18
7.85 2.18
7.86 2.18
7.87 2.18
7.88 2.18
7.89 2.18
7.9 2.19
7.91 2.19
7.92 2.19
7.93 2.19
7.94 2.19
7.95 2.19
7.96 2.19
7.97 2.19
7.98 2.19
7.99 2.2
8.0 2.2
8.01 2.2
8.02 2.2
8.03 2.2
8.04 2.2
8.05 2.2
8.06 2.2
8.07 2.2
8.08 2.21
8.09 2.21
8.1 2.21
8.11 2.21
8.12 2.21
8.13 2.21
8.14 2.21
8.15 2.21
8.16 2.21
8.17 2.22
8.18 2.22
8.19 2.22
8.2 2.22
8.21 2.22
8.22 2.22
8.23 2.22
8.24 2.22
8.25 2.22
8.26 2.23
8.27 2.23
8.28 2.23
8.29 2.23
8.3 2.23
8.31 2.23
8.32 2.23
8.33 2.23
8.34 2.23
8.35 2.24
8.36 2.24
8.37 2.24
8.38 2.24
8.39 2.24
8.4 2.24
8.41 2.24
8.42 2.24
8.43 2.24
8.44 2.24
8.45 2.25
8.46 2.25
8.47 2.25
8.48 2.25
8.49 2.25
8.5 2.25
8.51 2.25
8.52 2.25
8.53 2.25
8.54 2.26
8.55 2.26
8.56 2.26
8.57 2.26
8.58 2.26
8.59 2.26
8.6 2.26
8.61 2.26
8.62 2.26
8.63 2.26
8.64 2.27
8.65 2.27
8.66 2.27
8.67 2.27
8.68 2.27
8.69 2.27
8.7 2.27
8.71 2.27
8.72 2.27
8.73 2.28
8.74 2.28
8.75 2.28
8.76 2.28
8.77 2.28
8.78 2.28
8.79 2.28
8.8 2.28
8.81 2.28
8.82 2.28
8.83 2.29
8.84 2.29
8.85 2.29
8.86 2.29
8.87 2.29
8.88 2.29
8.89 2.29
8.9 2.29
8.91 2.29
8.92 2.29
8.93 2.3
8.94 2.3
8.95 2.3
8.96 2.3
8.97 2.3
8.98 2.3
8.99 2.3
9.0 2.3
