2 100 -5 17 50
0.0 0.0 2.0
2.04 0.0 -0.05
4.08 0.0 -0.29
6.12 0.0 2.05
8.16 0.0 -1.41
10.2 0.0 -2.35
12.24 0.0 1.73
14.29 0.0 0.45
16.33 0.0 -0.67
18.37 0.0 2.01
20.41 0.0 -0.68
22.45 0.0 -2.77
24.49 0.0 1.29
26.53 0.0 0.99
28.57 0.0 -0.92
30.61 0.0 1.78
32.65 0.0 0.08
34.69 0.0 -2.98
36.73 0.0 0.67
38.78 0.0 1.46
40.82 0.0 -1.0
42.86 0.0 1.4
44.9 0.0 0.77
46.94 0.0 -2.96
48.98 0.0 -0.04
51.02 0.0 1.83
53.06 0.0 -0.9
55.1 0.0 0.91
57.14 0.0 1.37
59.18 0.0 -2.71
61.22 0.0 -0.8
63.27 0.0 2.03
65.31 0.0 -0.63
67.35 0.0 0.39
69.39 0.0 1.79
71.43 0.0 -2.27
73.47 0.0 -1.52
75.51 0.0 2.04
77.55 0.0 -0.22
79.59 0.0 -0.13
81.63 0.0 2.02
83.67 0.0 -1.65
85.71 0.0 -2.17
87.76 0.0 1.86
89.8 0.0 0.27
91.84 0.0 -0.55
93.88 0.0 2.05
95.92 0.0 -0.94
97.96 0.0 -2.64
100.0 0.0 1.46
0.0 2.04 2.0
2.04 2.04 -0.05
4.08 2.04 -0.29
6.12 2.04 2.05
8.16 2.04 -1.41
10.2 2.04 -2.35
12.24 2.04 1.73
14.29 2.04 0.45
16.33 2.04 -0.67
18.37 2.04 2.01
20.41 2.04 -0.68
22.45 2.04 -2.77
24.49 2.04 1.29
26.53 2.04 0.99
28.57 2.04 -0.92
30.61 2.04 1.78
32.65 2.04 0.08
34.69 2.04 -2.98
36.73 2.04 0.67
38.78 2.04 1.46
40.82 2.04 -1.0
42.86 2.04 1.4
44.9 2.04 0.77
46.94 2.04 -2.96
48.98 2.04 -0.04
51.02 2.04 1.83
53.06 2.04 -0.9
55.1 2.04 0.91
57.14 2.04 1.37
59.18 2.04 -2.71
61.22 2.04 -0.8
63.27 2.04 2.03
65.31 2.04 -0.63
67.35 2.04 0.39
69.39 2.04 1.79
71.43 2.04 -2.27
73.47 2.04 -1.52
75.51 2.04 2.04
77.55 2.04 -0.22
79.59 2.04 -0.13
81.63 2.04 2.02
83.67 2.04 -1.65
85.71 2.04 -2.17
87.76 2.04 1.86
89.8 2.04 0.27
91.84 2.04 -0.55
93.88 2.04 2.05
95.92 2.04 -0.94
97.96 2.04 -2.64
100.0 2.04 1.46
0.0 4.08 2.0
2.04 4.08 -0.05
4.08 4.08 -0.29
6.12 4.08 2.05
8.16 4.08 -1.41
10.2 4.08 -2.35
12.24 4.08 1.73
14.29 4.08 0.45
16.33 4.08 -0.67
18.37 4.08 2.01
20.41 4.08 -0.68
22.45 4.08 -2.77
24.49 4.08 1.29
26.53 4.08 0.99
28.57 4.08 -0.92
30.61 4.08 1.78
32.65 4.08 0.08
34.69 4.08 -2.98
36.73 4.08 0.67
38.78 4.08 1.46
40.82 4.08 -1.0
42.86 4.08 1.4
44.9 4.08 0.77
46.94 4.08 -2.96
48.98 4.08 -0.04
51.02 4.08 1.83
53.06 4.08 -0.9
55.1 4.08 0.91
57.14 4.08 1.37
59.18 4.08 -2.71
61.22 4.08 -0.8
63.27 4.08 2.03
65.31 4.08 -0.63
67.35 4.08 0.39
69.39 4.08 1.79
71.43 4.08 -2.27
73.47 4.08 -1.52
75.51 4.08 2.04
77.55 4.08 -0.22
79.59 4.08 -0.13
81.63 4.08 2.02
83.67 4.08 -1.65
85.71 4.08 -2.17
87.76 4.08 1.86
89.8 4.08 0.27
91.84 4.08 -0.55
93.88 4.08 2.05
95.92 4.08 -0.94
97.96 4.08 -2.64
100.0 4.08 1.46
0.0 6.12 2.0
2.04 6.12 -0.05
4.08 6.12 -0.29
6.12 6.12 2.05
8.16 6.12 -1.41
10.2 6.12 -2.35
12.24 6.12 1.73
14.29 6.12 0.45
16.33 6.12 -0.67
18.37 6.12 2.01
20.41 6.12 -0.68
22.45 6.12 -2.77
24.49 6.12 1.29
26.53 6.12 0.99
28.57 6.12 -0.92
30.61 6.12 1.78
32.65 6.12 0.08
34.69 6.12 -2.98
36.73 6.12 0.67
38.78 6.12 1.46
40.82 6.12 -1.0
42.86 6.12 1.4
44.9 6.12 0.77
46.94 6.12 -2.96
48.98 6.12 -0.04
51.02 6.12 1.83
53.06 6.12 -0.9
55.1 6.12 0.91
57.14 6.12 1.37
59.18 6.12 -2.71
61.22 6.12 -0.8
63.27 6.12 2.03
65.31 6.12 -0.63
67.35 6.12 0.39
69.39 6.12 1.79
71.43 6.12 -2.27
73.47 6.12 -1.52
75.51 6.12 2.04
77.55 6.12 -0.22
79.59 6.12 -0.13
81.63 6.12 2.02
83.67 6.12 -1.65
85.71 6.12 -2.17
87.76 6.12 1.86
89.8 6.12 0.27
91.84 6.12 -0.55
93.88 6.12 2.05
95.92 6.12 -0.94
97.96 6.12 -2.64
100.0 6.12 1.46
0.0 8.16 2.0
2.04 8.16 -0.05
4.08 8.16 -0.29
6.12 8.16 2.05
8.16 8.16 -1.41
10.2 8.16 -2.35
12.24 8.16 1.73
14.29 8.16 0.45
16.33 8.16 -0.67
18.37 8.16 2.01
20.41 8.16 -0.68
22.45 8.16 -2.77
24.49 8.16 1.29
26.53 8.16 0.99
28.57 8.16 -0.92
30.61 8.16 1.78
32.65 8.16 0.08
34.69 8.16 -2.98
36.73 8.16 0.67
38.78 8.16 1.46
40.82 8.16 -1.0
42.86 8.16 1.4
44.9 8.16 0.77
46.94 8.16 -2.96
48.98 8.16 -0.04
51.02 8.16 1.83
53.06 8.16 -0.9
55.1 8.16 0.91
57.14 8.16 1.37
59.18 8.16 -2.71
61.22 8.16 -0.8
63.27 8.16 2.03
65.31 8.16 -0.63
67.35 8.16 0.39
69.39 8.16 1.79
71.43 8.16 -2.27
73.47 8.16 -1.52
75.51 8.16 2.04
77.55 8.16 -0.22
79.59 8.16 -0.13
81.63 8.16 2.02
83.67 8.16 -1.65
85.71 8.16 -2.17
87.76 8.16 1.86
89.8 8.16 0.27
91.84 8.16 -0.55
93.88 8.16 2.05
95.92 8.16 -0.94
97.96 8.16 -2.64
100.0 8.16 1.46
0.0 10.2 2.0
2.04 10.2 -0.05
4.08 10.2 -0.29
6.12 10.2 2.05
8.16 10.2 -1.41
10.2 10.2 -2.35
12.24 10.2 1.73
14.29 10.2 0.45
16.33 10.2 -0.67
18.37 10.2 2.01
20.41 10.2 -0.68
22.45 10.2 -2.77
24.49 10.2 1.29
26.53 10.2 0.99
28.57 10.2 -0.92
30.61 10.2 1.78
32.65 10.2 0.08
34.69 10.2 -2.98
36.73 10.2 0.67
38.78 10.2 1.46
40.82 10.2 -1.0
42.86 10.2 1.4
44.9 10.2 0.77
46.94 10.2 -2.96
48.98 10.2 -0.04
51.02 10.2 1.83
53.06 10.2 -0.9
55.1 10.2 0.91
57.14 10.2 1.37
59.18 10.2 -2.71
61.22 10.2 -0.8
63.27 10.2 2.03
65.31 10.2 -0.63
67.35 10.2 0.39
69.39 10.2 1.79
71.43 10.2 -2.27
73.47 10.2 -1.52
75.51 10.2 2.04
77.55 10.2 -0.22
79.59 10.2 -0.13
81.63 10.2 2.02
83.67 10.2 -1.65
85.71 10.2 -2.17
87.76 10.2 1.86
89.8 10.2 0.27
91.84 10.2 -0.55
93.88 10.2 2.05
95.92 10.2 -0.94
97.96 10.2 -2.64
100.0 10.2 1.46
0.0 12.24 2.0
2.04 12.24 -0.05
4.08 12.24 -0.29
6.12 12.24 2.05
8.16 12.24 -1.41
10.2 12.24 -2.35
12.24 12.24 1.73
14.29 12.24 0.45
16.33 12.24 -0.67
18.37 12.24 2.01
20.41 12.24 -0.68
22.45 12.24 -2.77
24.49 12.24 1.29
26.53 12.24 0.99
28.57 12.24 -0.92
30.61 12.24 1.78
32.65 12.24 0.08
34.69 12.24 -2.98
36.73 12.24 0.67
38.78 12.24 1.46
40.82 12.24 -1.0
42.86 12.24 1.4
44.9 12.24 0.77
46.94 12.24 -2.96
48.98 12.24 -0.04
51.02 12.24 1.83
53.06 12.24 -0.9
55.1 12.24 0.91
57.14 12.24 1.37
59.18 12.24 -2.71
61.22 12.24 -0.8
63.27 12.24 2.03
65.31 12.24 -0.63
67.35 12.24 0.39
69.39 12.24 1.79
71.43 12.24 -2.27
73.47 12.24 -1.52
75.51 12.24 2.04
77.55 12.24 -0.22
79.59 12.24 -0.13
81.63 12.24 2.02
83.67 12.24 -1.65
85.71 12.24 -2.17
87.76 12.24 1.86
89.8 12.24 0.27
91.84 12.24 -0.55
93.88 12.24 2.05
95.92 12.24 -0.94
97.96 12.24 -2.64
100.0 12.24 1.46
0.0 14.29 2.0
2.04 14.29 -0.05
4.08 14.29 -0.29
6.12 14.29 2.05
8.16 14.29 -1.41
10.2 14.29 -2.35
12.24 14.29 1.73
14.29 14.29 0.45
16.33 14.29 -0.67
18.37 14.29 2.01
20.41 14.29 -0.68
22.45 14.29 -2.77
24.49 14.29 1.29
26.53 14.29 0.99
28.57 14.29 -0.92
30.61 14.29 1.78
32.65 14.29 0.08
34.69 14.29 -2.98
36.73 14.29 0.67
38.78 14.29 1.46
40.82 14.29 -1.0
42.86 14.29 1.4
44.9 14.29 0.77
46.94 14.29 -2.96
48.98 14.29 -0.04
51.02 14.29 1.83
53.06 14.29 -0.9
55.1 14.29 0.91
57.14 14.29 1.37
59.18 14.29 -2.71
61.22 14.29 -0.8
63.27 14.29 2.03
65.31 14.29 -0.63
67.35 14.29 0.39
69.39 14.29 1.79
71.43 14.29 -2.27
73.47 14.29 -1.52
75.51 14.29 2.04
77.55 14.29 -0.22
79.59 14.29 -0.13
81.63 14.29 2.02
83.67 14.29 -1.65
85.71 14.29 -2.17
87.76 14.29 1.86
89.8 14.29 0.27
91.84 14.29 -0.55
93.88 14.29 2.05
95.92 14.29 -0.94
97.96 14.29 -2.64
100.0 14.29 1.46
0.0 16.33 2.0
2.04 16.33 -0.05
4.08 16.33 -0.29
6.12 16.33 2.05
8.16 16.33 -1.41
10.2 16.33 -2.35
12.24 16.33 1.73
14.29 16.33 0.45
16.33 16.33 -0.67
18.37 16.33 2.01
20.41 16.33 -0.68
22.45 16.33 -2.77
24.49 16.33 1.29
26.53 16.33 0.99
28.57 16.33 -0.92
30.61 16.33 1.78
32.65 16.33 0.08
34.69 16.33 -2.98
36.73 16.33 0.67
38.78 16.33 1.46
40.82 16.33 -1.0
42.86 16.33 1.4
44.9 16.33 0.77
46.94 16.33 -2.96
48.98 16.33 -0.04
51.02 16.33 1.83
53.06 16.33 -0.9
55.1 16.33 0.91
57.14 16.33 1.37
59.18 16.33 -2.71
61.22 16.33 -0.8
63.27 16.33 2.03
65.31 16.33 -0.63
67.35 16.33 0.39
69.39 16.33 1.79
71.43 16.33 -2.27
73.47 16.33 -1.52
75.51 16.33 2.04
77.55 16.33 -0.22
79.59 16.33 -0.13
81.63 16.33 2.02
83.67 16.33 -1.65
85.71 16.33 -2.17
87.76 16.33 1.86
89.8 16.33 0.27
91.84 16.33 -0.55
93.88 16.33 2.05
95.92 16.33 -0.94
97.96 16.33 -2.64
100.0 16.33 1.46
0.0 18.37 2.0
2.04 18.37 -0.05
4.08 18.37 -0.29
6.12 18.37 2.05
8.16 18.37 -1.41
10.2 18.37 -2.35
12.24 18.37 1.73
14.29 18.37 0.45
16.33 18.37 -0.67
18.37 18.37 2.01
20.41 18.37 -0.68
22.45 18.37 -2.77
24.49 18.37 1.29
26.53 18.37 0.99
28.57 18.37 -0.92
30.61 18.37 1.78
32.65 18.37 0.08
34.69 18.37 -2.98
36.73 18.37 0.67
38.78 18.37 1.46
40.82 18.37 -1.0
42.86 18.37 1.4
44.9 18.37 0.77
46.94 18.37 -2.96
48.98 18.37 -0.04
51.02 18.37 1.83
53.06 18.37 -0.9
55.1 18.37 0.91
57.14 18.37 1.37
59.18 18.37 -2.71
61.22 18.37 -0.8
63.27 18.37 2.03
65.31 18.37 -0.63
67.35 18.37 0.39
69.39 18.37 1.79
71.43 18.37 -2.27
73.47 18.37 -1.52
75.51 18.37 2.04
77.55 18.37 -0.22
79.59 18.37 -0.13
81.63 18.37 2.02
83.67 18.37 -1.65
85.71 18.37 -2.17
87.76 18.37 1.86
89.8 18.37 0.27
91.84 18.37 -0.55
93.88 18.37 2.05
95.92 18.37 -0.94
97.96 18.37 -2.64
100.0 18.37 1.46
0.0 20.41 2.0
2.04 20.41 -0.05
4.08 20.41 -0.29
6.12 20.41 2.05
8.16 20.41 -1.41
10.2 20.41 -2.35
12.24 20.41 1.73
14.29 20.41 0.45
16.33 20.41 -0.67
18.37 20.41 2.01
20.41 20.41 -0.68
22.45 20.41 -2.77
24.49 20.41 1.29
26.53 20.41 0.99
28.57 20.41 -0.92
30.61 20.41 1.78
32.65 20.41 0.08
34.69 20.41 -2.98
36.73 20.41 0.67
38.78 20.41 1.46
40.82 20.41 -1.0
42.86 20.41 1.4
44.9 20.41 0.77
46.94 20.41 -2.96
48.98 20.41 -0.04
51.02 20.41 1.83
53.06 20.41 -0.9
55.1 20.41 0.91
57.14 20.41 1.37
59.18 20.41 -2.71
61.22 20.41 -0.8
63.27 20.41 2.03
65.31 20.41 -0.63
67.35 20.41 0.39
69.39 20.41 1.79
71.43 20.41 -2.27
73.47 20.41 -1.52
75.51 20.41 2.04
77.55 20.41 -0.22
79.59 20.41 -0.13
81.63 20.41 2.02
83.67 20.41 -1.65
85.71 20.41 -2.17
87.76 20.41 1.86
89.8 20.41 0.27
91.84 20.41 -0.55
93.88 20.41 2.05
95.92 20.41 -0.94
97.96 20.41 -2.64
100.0 20.41 1.46
0.0 22.45 2.0
2.04 22.45 -0.05
4.08 22.45 -0.29
6.12 22.45 2.05
8.16 22.45 -1.41
10.2 22.45 -2.35
12.24 22.45 1.73
14.29 22.45 0.45
16.33 22.45 -0.67
18.37 22.45 2.01
20.41 22.45 -0.68
22.45 22.45 -2.77
24.49 22.45 1.29
26.53 22.45 0.99
28.57 22.45 -0.92
30.61 22.45 1.78
32.65 22.45 0.08
34.69 22.45 -2.98
36.73 22.45 0.67
38.78 22.45 1.46
40.82 22.45 -1.0
42.86 22.45 1.4
44.9 22.45 0.77
46.94 22.45 -2.96
48.98 22.45 -0.04
51.02 22.45 1.83
53.06 22.45 -0.9
55.1 22.45 0.91
57.14 22.45 1.37
59.18 22.45 -2.71
61.22 22.45 -0.8
63.27 22.45 2.03
65.31 22.45 -0.63
67.35 22.45 0.39
69.39 22.45 1.79
71.43 22.45 -2.27
73.47 22.45 -1.52
75.51 22.45 2.04
77.55 22.45 -0.22
79.59 22.45 -0.13
81.63 22.45 2.02
83.67 22.45 -1.65
85.71 22.45 -2.17
87.76 22.45 1.86
89.8 22.45 0.27
91.84 22.45 -0.55
93.88 22.45 2.05
95.92 22.45 -0.94
97.96 22.45 -2.64
100.0 22.45 1.46
0.0 24.49 2.0
2.04 24.49 -0.05
4.08 24.49 -0.29
6.12 24.49 2.05
8.16 24.49 -1.41
10.2 24.49 -2.35
12.24 24.49 1.73
14.29 24.49 0.45
16.33 24.49 -0.67
18.37 24.49 2.01
20.41 24.49 -0.68
22.45 24.49 -2.77
24.49 24.49 1.29
26.53 24.49 0.99
28.57 24.49 -0.92
30.61 24.49 1.78
32.65 24.49 0.08
34.69 24.49 -2.98
36.73 24.49 0.67
38.78 24.49 1.46
40.82 24.49 -1.0
42.86 24.49 1.4
44.9 24.49 0.77
46.94 24.49 -2.96
48.98 24.49 -0.04
51.02 24.49 1.83
53.06 24.49 -0.9
55.1 24.49 0.91
57.14 24.49 1.37
59.18 24.49 -2.71
61.22 24.49 -0.8
63.27 24.49 2.03
65.31 24.49 -0.63
67.35 24.49 0.39
69.39 24.49 1.79
71.43 24.49 -2.27
73.47 24.49 -1.52
75.51 24.49 2.04
77.55 24.49 -0.22
79.59 24.49 -0.13
81.63 24.49 2.02
83.67 24.49 -1.65
85.71 24.49 -2.17
87.76 24.49 1.86
89.8 24.49 0.27
91.84 24.49 -0.55
93.88 24.49 2.05
95.92 24.49 -0.94
97.96 24.49 -2.64
100.0 24.49 1.46
0.0 26.53 2.0
2.04 26.53 -0.05
4.08 26.53 -0.29
6.12 26.53 2.05
8.16 26.53 -1.41
10.2 26.53 -2.35
12.24 26.53 1.73
14.29 26.53 0.45
16.33 26.53 -0.67
18.37 26.53 2.01
20.41 26.53 -0.68
22.45 26.53 -2.77
24.49 26.53 1.29
26.53 26.53 0.99
28.57 26.53 -0.92
30.61 26.53 1.78
32.65 26.53 0.08
34.69 26.53 -2.98
36.73 26.53 0.67
38.78 26.53 1.46
40.82 26.53 -1.0
42.86 26.53 1.4
44.9 26.53 0.77
46.94 26.53 -2.96
48.98 26.53 -0.04
51.02 26.53 1.83
53.06 26.53 -0.9
55.1 26.53 0.91
57.14 26.53 1.37
59.18 26.53 -2.71
61.22 26.53 -0.8
63.27 26.53 2.03
65.31 26.53 -0.63
67.35 26.53 0.39
69.39 26.53 1.79
71.43 26.53 -2.27
73.47 26.53 -1.52
75.51 26.53 2.04
77.55 26.53 -0.22
79.59 26.53 -0.13
81.63 26.53 2.02
83.67 26.53 -1.65
85.71 26.53 -2.17
87.76 26.53 1.86
89.8 26.53 0.27
91.84 26.53 -0.55
93.88 26.53 2.05
95.92 26.53 -0.94
97.96 26.53 -2.64
100.0 26.53 1.46
0.0 28.57 2.0
2.04 28.57 -0.05
4.08 28.57 -0.29
6.12 28.57 2.05
8.16 28.57 -1.41
10.2 28.57 -2.35
12.24 28.57 1.73
14.29 28.57 0.45
16.33 28.57 -0.67
18.37 28.57 2.01
20.41 28.57 -0.68
22.45 28.57 -2.77
24.49 28.57 1.29
26.53 28.57 0.99
28.57 28.57 -0.92
30.61 28.57 1.78
32.65 28.57 0.08
34.69 28.57 -2.98
36.73 28.57 0.67
38.78 28.57 1.46
40.82 28.57 -1.0
42.86 28.57 1.4
44.9 28.57 0.77
46.94 28.57 -2.96
48.98 28.57 -0.04
51.02 28.57 1.83
53.06 28.57 -0.9
55.1 28.57 0.91
57.14 28.57 1.37
59.18 28.57 -2.71
61.22 28.57 -0.8
63.27 28.57 2.03
65.31 28.57 -0.63
67.35 28.57 0.39
69.39 28.57 1.79
71.43 28.57 -2.27
73.47 28.57 -1.52
75.51 28.57 2.04
77.55 28.57 -0.22
79.59 28.57 -0.13
81.63 28.57 2.02
83.67 28.57 -1.65
85.71 28.57 -2.17
87.76 28.57 1.86
89.8 28.57 0.27
91.84 28.57 -0.55
93.88 28.57 2.05
95.92 28.57 -0.94
97.96 28.57 -2.64
100.0 28.57 1.46
0.0 30.61 2.0
2.04 30.61 -0.05
4.08 30.61 -0.29
6.12 30.61 2.05
8.16 30.61 -1.41
10.2 30.61 -2.35
12.24 30.61 1.73
14.29 30.61 0.45
16.33 30.61 -0.67
18.37 30.61 2.01
20.41 30.61 -0.68
22.45 30.61 -2.77
24.49 30.61 1.29
26.53 30.61 0.99
28.57 30.61 -0.92
30.61 30.61 1.78
32.65 30.61 0.08
34.69 30.61 -2.98
36.73 30.61 0.67
38.78 30.61 1.46
40.82 30.61 -1.0
42.86 30.61 1.4
44.9 30.61 0.77
46.94 30.61 -2.96
48.98 30.61 -0.04
51.02 30.61 1.83
53.06 30.61 -0.9
55.1 30.61 0.91
57.14 30.61 1.37
59.18 30.61 -2.71
61.22 30.61 -0.8
63.27 30.61 2.03
65.31 30.61 -0.63
67.35 30.61 0.39
69.39 30.61 1.79
71.43 30.61 -2.27
73.47 30.61 -1.52
75.51 30.61 2.04
77.55 30.61 -0.22
79.59 30.61 -0.13
81.63 30.61 2.02
83.67 30.61 -1.65
85.71 30.61 -2.17
87.76 30.61 1.86
89.8 30.61 0.27
91.84 30.61 -0.55
93.88 30.61 2.05
95.92 30.61 -0.94
97.96 30.61 -2.64
100.0 30.61 1.46
0.0 32.65 2.0
2.04 32.65 -0.05
4.08 32.65 -0.29
6.12 32.65 2.05
8.16 32.65 -1.41
10.2 32.65 -2.35
12.24 32.65 1.73
14.29 32.65 0.45
16.33 32.65 -0.67
18.37 32.65 2.01
20.41 32.65 -0.68
22.45 32.65 -2.77
24.49 32.65 1.29
26.53 32.65 0.99
28.57 32.65 -0.92
30.61 32.65 1.78
32.65 32.65 0.08
34.69 32.65 -2.98
36.73 32.65 0.67
38.78 32.65 1.46
40.82 32.65 -1.0
42.86 32.65 1.4
44.9 32.65 0.77
46.94 32.65 -2.96
48.98 32.65 -0.04
51.02 32.65 1.83
53.06 32.65 -0.9
55.1 32.65 0.91
57.14 32.65 1.37
59.18 32.65 -2.71
61.22 32.65 -0.8
63.27 32.65 2.03
65.31 32.65 -0.63
67.35 32.65 0.39
69.39 32.65 1.79
71.43 32.65 -2.27
73.47 32.65 -1.52
75.51 32.65 2.04
77.55 32.65 -0.22
79.59 32.65 -0.13
81.63 32.65 2.02
83.67 32.65 -1.65
85.71 32.65 -2.17
87.76 32.65 1.86
89.8 32.65 0.27
91.84 32.65 -0.55
93.88 32.65 2.05
95.92 32.65 -0.94
97.96 32.65 -2.64
100.0 32.65 1.46
0.0 34.69 2.0
2.04 34.69 -0.05
4.08 34.69 -0.29
6.12 34.69 2.05
8.16 34.69 -1.41
10.2 34.69 -2.35
12.24 34.69 1.73
14.29 34.69 0.45
16.33 34.69 -0.67
18.37 34.69 2.01
20.41 34.69 -0.68
22.45 34.69 -2.77
24.49 34.69 1.29
26.53 34.69 0.99
28.57 34.69 -0.92
30.61 34.69 1.78
32.65 34.69 0.08
34.69 34.69 -2.98
36.73 34.69 0.67
38.78 34.69 1.46
40.82 34.69 -1.0
42.86 34.69 1.4
44.9 34.69 0.77
46.94 34.69 -2.96
48.98 34.69 -0.04
51.02 34.69 1.83
53.06 34.69 -0.9
55.1 34.69 0.91
57.14 34.69 1.37
59.18 34.69 -2.71
61.22 34.69 -0.8
63.27 34.69 2.03
65.31 34.69 -0.63
67.35 34.69 0.39
69.39 34.69 1.79
71.43 34.69 -2.27
73.47 34.69 -1.52
75.51 34.69 2.04
77.55 34.69 -0.22
79.59 34.69 -0.13
81.63 34.69 2.02
83.67 34.69 -1.65
85.71 34.69 -2.17
87.76 34.69 1.86
89.8 34.69 0.27
91.84 34.69 -0.55
93.88 34.69 2.05
95.92 34.69 -0.94
97.96 34.69 -2.64
100.0 34.69 1.46
0.0 36.73 2.0
2.04 36.73 -0.05
4.08 36.73 -0.29
6.12 36.73 2.05
8.16 36.73 -1.41
10.2 36.73 -2.35
12.24 36.73 1.73
14.29 36.73 0.45
16.33 36.73 -0.67
18.37 36.73 2.01
20.41 36.73 -0.68
22.45 36.73 -2.77
24.49 36.73 1.29
26.53 36.73 0.99
28.57 36.73 -0.92
30.61 36.73 1.78
32.65 36.73 0.08
34.69 36.73 -2.98
36.73 36.73 0.67
38.78 36.73 1.46
40.82 36.73 -1.0
42.86 36.73 1.4
44.9 36.73 0.77
46.94 36.73 -2.96
48.98 36.73 -0.04
51.02 36.73 1.83
53.06 36.73 -0.9
55.1 36.73 0.91
57.14 36.73 1.37
59.18 36.73 -2.71
61.22 36.73 -0.8
63.27 36.73 2.03
65.31 36.73 -0.63
67.35 36.73 0.39
69.39 36.73 1.79
71.43 36.73 -2.27
73.47 36.73 -1.52
75.51 36.73 2.04
77.55 36.73 -0.22
79.59 36.73 -0.13
81.63 36.73 2.02
83.67 36.73 -1.65
85.71 36.73 -2.17
87.76 36.73 1.86
89.8 36.73 0.27
91.84 36.73 -0.55
93.88 36.73 2.05
95.92 36.73 -0.94
97.96 36.73 -2.64
100.0 36.73 1.46
0.0 38.78 2.0
2.04 38.78 -0.05
4.08 38.78 -0.29
6.12 38.78 2.05
8.16 38.78 -1.41
10.2 38.78 -2.35
12.24 38.78 1.73
14.29 38.78 0.45
16.33 38.78 -0.67
18.37 38.78 2.01
20.41 38.78 -0.68
22.45 38.78 -2.77
24.49 38.78 1.29
26.53 38.78 0.99
28.57 38.78 -0.92
30.61 38.78 1.78
32.65 38.78 0.08
34.69 38.78 -2.98
36.73 38.78 0.67
38.78 38.78 1.46
40.82 38.78 -1.0
42.86 38.78 1.4
44.9 38.78 0.77
46.94 38.78 -2.96
48.98 38.78 -0.04
51.02 38.78 1.83
53.06 38.78 -0.9
55.1 38.78 0.91
57.14 38.78 1.37
59.18 38.78 -2.71
61.22 38.78 -0.8
63.27 38.78 2.03
65.31 38.78 -0.63
67.35 38.78 0.39
69.39 38.78 1.79
71.43 38.78 -2.27
73.47 38.78 -1.52
75.51 38.78 2.04
77.55 38.78 -0.22
79.59 38.78 -0.13
81.63 38.78 2.02
83.67 38.78 -1.65
85.71 38.78 -2.17
87.76 38.78 1.86
89.8 38.78 0.27
91.84 38.78 -0.55
93.88 38.78 2.05
95.92 38.78 -0.94
97.96 38.78 -2.64
100.0 38.78 1.46
0.0 40.82 2.0
2.04 40.82 -0.05
4.08 40.82 -0.29
6.12 40.82 2.05
8.16 40.82 -1.41
10.2 40.82 -2.35
12.24 40.82 1.73
14.29 40.82 0.45
16.33 40.82 -0.67
18.37 40.82 2.01
20.41 40.82 -0.68
22.45 40.82 -2.77
24.49 40.82 1.29
26.53 40.82 0.99
28.57 40.82 -0.92
30.61 40.82 1.78
32.65 40.82 0.08
34.69 40.82 -2.98
36.73 40.82 0.67
38.78 40.82 1.46
40.82 40.82 -1.0
42.86 40.82 1.4
44.9 40.82 0.77
46.94 40.82 -2.96
48.98 40.82 -0.04
51.02 40.82 1.83
53.06 40.82 -0.9
55.1 40.82 0.91
57.14 40.82 1.37
59.18 40.82 -2.71
61.22 40.82 -0.8
63.27 40.82 2.03
65.31 40.82 -0.63
67.35 40.82 0.39
69.39 40.82 1.79
71.43 40.82 -2.27
73.47 40.82 -1.52
75.51 40.82 2.04
77.55 40.82 -0.22
79.59 40.82 -0.13
81.63 40.82 2.02
83.67 40.82 -1.65
85.71 40.82 -2.17
87.76 40.82 1.86
89.8 40.82 0.27
91.84 40.82 -0.55
93.88 40.82 2.05
95.92 40.82 -0.94
97.96 40.82 -2.64
100.0 40.82 1.46
0.0 42.86 2.0
2.04 42.86 -0.05
4.08 42.86 -0.29
6.12 42.86 2.05
8.16 42.86 -1.41
10.2 42.86 -2.35
12.24 42.86 1.73
14.29 42.86 0.45
16.33 42.86 -0.67
18.37 42.86 2.01
20.41 42.86 -0.68
22.45 42.86 -2.77
24.49 42.86 1.29
26.53 42.86 0.99
28.57 42.86 -0.92
30.61 42.86 1.78
32.65 42.86 0.08
34.69 42.86 -2.98
36.73 42.86 0.67
38.78 42.86 1.46
40.82 42.86 -1.0
42.86 42.86 1.4
44.9 42.86 0.77
46.94 42.86 -2.96
48.98 42.86 -0.04
51.02 42.86 1.83
53.06 42.86 -0.9
55.1 42.86 0.91
57.14 42.86 1.37
59.18 42.86 -2.71
61.22 42.86 -0.8
63.27 42.86 2.03
65.31 42.86 -0.63
67.35 42.86 0.39
69.39 42.86 1.79
71.43 42.86 -2.27
73.47 42.86 -1.52
75.51 42.86 2.04
77.55 42.86 -0.22
79.59 42.86 -0.13
81.63 42.86 2.02
83.67 42.86 -1.65
85.71 42.86 -2.17
87.76 42.86 1.86
89.8 42.86 0.27
91.84 42.86 -0.55
93.88 42.86 2.05
95.92 42.86 -0.94
97.96 42.86 -2.64
100.0 42.86 1.46
0.0 44.9 2.0
2.04 44.9 -0.05
4.08 44.9 -0.29
6.12 44.9 2.05
8.16 44.9 -1.41
10.2 44.9 -2.35
12.24 44.9 1.73
14.29 44.9 0.45
16.33 44.9 -0.67
18.37 44.9 2.01
20.41 44.9 -0.68
22.45 44.9 -2.77
24.49 44.9 1.29
26.53 44.9 0.99
28.57 44.9 -0.92
30.61 44.9 1.78
32.65 44.9 0.08
34.69 44.9 -2.98
36.73 44.9 0.67
38.78 44.9 1.46
40.82 44.9 -1.0
42.86 44.9 1.4
44.9 44.9 0.77
46.94 44.9 -2.96
48.98 44.9 -0.04
51.02 44.9 1.83
53.06 44.9 -0.9
55.1 44.9 0.91
57.14 44.9 1.37
59.18 44.9 -2.71
61.22 44.9 -0.8
63.27 44.9 2.03
65.31 44.9 -0.63
67.35 44.9 0.39
69.39 44.9 1.79
71.43 44.9 -2.27
73.47 44.9 -1.52
75.51 44.9 2.04
77.55 44.9 -0.22
79.59 44.9 -0.13
81.63 44.9 2.02
83.67 44.9 -1.65
85.71 44.9 -2.17
87.76 44.9 1.86
89.8 44.9 0.27
91.84 44.9 -0.55
93.88 44.9 2.05
95.92 44.9 -0.94
97.96 44.9 -2.64
100.0 44.9 1.46
0.0 46.94 2.0
2.04 46.94 -0.05
4.08 46.94 -0.29
6.12 46.94 2.05
8.16 46.94 -1.41
10.2 46.94 -2.35
12.24 46.94 1.73
14.29 46.94 0.45
16.33 46.94 -0.67
18.37 46.94 2.01
20.41 46.94 -0.68
22.45 46.94 -2.77
24.49 46.94 1.29
26.53 46.94 0.99
28.57 46.94 -0.92
30.61 46.94 1.78
32.65 46.94 0.08
34.69 46.94 -2.98
36.73 46.94 0.67
38.78 46.94 1.46
40.82 46.94 -1.0
42.86 46.94 1.4
44.9 46.94 0.77
46.94 46.94 -2.96
48.98 46.94 -0.04
51.02 46.94 1.83
53.06 46.94 -0.9
55.1 46.94 0.91
57.14 46.94 1.37
59.18 46.94 -2.71
61.22 46.94 -0.8
63.27 46.94 2.03
65.31 46.94 -0.63
67.35 46.94 0.39
69.39 46.94 1.79
71.43 46.94 -2.27
73.47 46.94 -1.52
75.51 46.94 2.04
77.55 46.94 -0.22
79.59 46.94 -0.13
81.63 46.94 2.02
83.67 46.94 -1.65
85.71 46.94 -2.17
87.76 46.94 1.86
89.8 46.94 0.27
91.84 46.94 -0.55
93.88 46.94 2.05
95.92 46.94 -0.94
97.96 46.94 -2.64
100.0 46.94 1.46
0.0 48.98 2.0
2.04 48.98 -0.05
4.08 48.98 -0.29
6.12 48.98 2.05
8.16 48.98 -1.41
10.2 48.98 -2.35
12.24 48.98 1.73
14.29 48.98 0.45
16.33 48.98 -0.67
18.37 48.98 2.01
20.41 48.98 -0.68
22.45 48.98 -2.77
24.49 48.98 1.29
26.53 48.98 0.99
28.57 48.98 -0.92
30.61 48.98 1.78
32.65 48.98 0.08
34.69 48.98 -2.98
36.73 48.98 0.67
38.78 48.98 1.46
40.82 48.98 -1.0
42.86 48.98 1.4
44.9 48.98 0.77
46.94 48.98 -2.96
48.98 48.98 -0.04
51.02 48.98 1.83
53.06 48.98 -0.9
55.1 48.98 0.91
57.14 48.98 1.37
59.18 48.98 -2.71
61.22 48.98 -0.8
63.27 48.98 2.03
65.31 48.98 -0.63
67.35 48.98 0.39
69.39 48.98 1.79
71.43 48.98 -2.27
73.47 48.98 -1.52
75.51 48.98 2.04
77.55 48.98 -0.22
79.59 48.98 -0.13
81.63 48.98 2.02
83.67 48.98 -1.65
85.71 48.98 -2.17
87.76 48.98 1.86
89.8 48.98 0.27
91.84 48.98 -0.55
93.88 48.98 2.05
95.92 48.98 -0.94
97.96 48.98 -2.64
100.0 48.98 1.46
0.0 51.02 2.0
2.04 51.02 -0.05
4.08 51.02 -0.29
6.12 51.02 2.05
8.16 51.02 -1.41
10.2 51.02 -2.35
12.24 51.02 1.73
14.29 51.02 0.45
16.33 51.02 -0.67
18.37 51.02 2.01
20.41 51.02 -0.68
22.45 51.02 -2.77
24.49 51.02 1.29
26.53 51.02 0.99
28.57 51.02 -0.92
30.61 51.02 1.78
32.65 51.02 0.08
34.69 51.02 -2.98
36.73 51.02 0.67
38.78 51.02 1.46
40.82 51.02 -1.0
42.86 51.02 1.4
44.9 51.02 0.77
46.94 51.02 -2.96
48.98 51.02 -0.04
51.02 51.02 1.83
53.06 51.02 -0.9
55.1 51.02 0.91
57.14 51.02 1.37
59.18 51.02 -2.71
61.22 51.02 -0.8
63.27 51.02 2.03
65.31 51.02 -0.63
67.35 51.02 0.39
69.39 51.02 1.79
71.43 51.02 -2.27
73.47 51.02 -1.52
75.51 51.02 2.04
77.55 51.02 -0.22
79.59 51.02 -0.13
81.63 51.02 2.02
83.67 51.02 -1.65
85.71 51.02 -2.17
87.76 51.02 1.86
89.8 51.02 0.27
91.84 51.02 -0.55
93.88 51.02 2.05
95.92 51.02 -0.94
97.96 51.02 -2.64
100.0 51.02 1.46
0.0 53.06 2.0
2.04 53.06 -0.05
4.08 53.06 -0.29
6.12 53.06 2.05
8.16 53.06 -1.41
10.2 53.06 -2.35
12.24 53.06 1.73
14.29 53.06 0.45
16.33 53.06 -0.67
18.37 53.06 2.01
20.41 53.06 -0.68
22.45 53.06 -2.77
24.49 53.06 1.29
26.53 53.06 0.99
28.57 53.06 -0.92
30.61 53.06 1.78
32.65 53.06 0.08
34.69 53.06 -2.98
36.73 53.06 0.67
38.78 53.06 1.46
40.82 53.06 -1.0
42.86 53.06 1.4
44.9 53.06 0.77
46.94 53.06 -2.96
48.98 53.06 -0.04
51.02 53.06 1.83
53.06 53.06 -0.9
55.1 53.06 0.91
57.14 53.06 1.37
59.18 53.06 -2.71
61.22 53.06 -0.8
63.27 53.06 2.03
65.31 53.06 -0.63
67.35 53.06 0.39
69.39 53.06 1.79
71.43 53.06 -2.27
73.47 53.06 -1.52
75.51 53.06 2.04
77.55 53.06 -0.22
79.59 53.06 -0.13
81.63 53.06 2.02
83.67 53.06 -1.65
85.71 53.06 -2.17
87.76 53.06 1.86
89.8 53.06 0.27
91.84 53.06 -0.55
93.88 53.06 2.05
95.92 53.06 -0.94
97.96 53.06 -2.64
100.0 53.06 1.46
0.0 55.1 2.0
2.04 55.1 -0.05
4.08 55.1 -0.29
6.12 55.1 2.05
8.16 55.1 -1.41
10.2 55.1 -2.35
12.24 55.1 1.73
14.29 55.1 0.45
16.33 55.1 -0.67
18.37 55.1 2.01
20.41 55.1 -0.68
22.45 55.1 -2.77
24.49 55.1 1.29
26.53 55.1 0.99
28.57 55.1 -0.92
30.61 55.1 1.78
32.65 55.1 0.08
34.69 55.1 -2.98
36.73 55.1 0.67
38.78 55.1 1.46
40.82 55.1 -1.0
42.86 55.1 1.4
44.9 55.1 0.77
46.94 55.1 -2.96
48.98 55.1 -0.04
51.02 55.1 1.83
53.06 55.1 -0.9
55.1 55.1 0.91
57.14 55.1 1.37
59.18 55.1 -2.71
61.22 55.1 -0.8
63.27 55.1 2.03
65.31 55.1 -0.63
67.35 55.1 0.39
69.39 55.1 1.79
71.43 55.1 -2.27
73.47 55.1 -1.52
75.51 55.1 2.04
77.55 55.1 -0.22
79.59 55.1 -0.13
81.63 55.1 2.02
83.67 55.1 -1.65
85.71 55.1 -2.17
87.76 55.1 1.86
89.8 55.1 0.27
91.84 55.1 -0.55
93.88 55.1 2.05
95.92 55.1 -0.94
97.96 55.1 -2.64
100.0 55.1 1.46
0.0 57.14 2.0
2.04 57.14 -0.05
4.08 57.14 -0.29
6.12 57.14 2.05
8.16 57.14 -1.41
10.2 57.14 -2.35
12.24 57.14 1.73
14.29 57.14 0.45
16.33 57.14 -0.67
18.37 57.14 2.01
20.41 57.14 -0.68
22.45 57.14 -2.77
24.49 57.14 1.29
26.53 57.14 0.99
28.57 57.14 -0.92
30.61 57.14 1.78
32.65 57.14 0.08
34.69 57.14 -2.98
36.73 57.14 0.67
38.78 57.14 1.46
40.82 57.14 -1.0
42.86 57.14 1.4
44.9 57.14 0.77
46.94 57.14 -2.96
48.98 57.14 -0.04
51.02 57.14 1.83
53.06 57.14 -0.9
55.1 57.14 0.91
57.14 57.14 1.37
59.18 57.14 -2.71
61.22 57.14 -0.8
63.27 57.14 2.03
65.31 57.14 -0.63
67.35 57.14 0.39
69.39 57.14 1.79
71.43 57.14 -2.27
73.47 57.14 -1.52
75.51 57.14 2.04
77.55 57.14 -0.22
79.59 57.14 -0.13
81.63 57.14 2.02
83.67 57.14 -1.65
85.71 57.14 -2.17
87.76 57.14 1.86
89.8 57.14 0.27
91.84 57.14 -0.55
93.88 57.14 2.05
95.92 57.14 -0.94
97.96 57.14 -2.64
100.0 57.14 1.46
0.0 59.18 2.0
2.04 59.18 -0.05
4.08 59.18 -0.29
6.12 59.18 2.05
8.16 59.18 -1.41
10.2 59.18 -2.35
12.24 59.18 1.73
14.29 59.18 0.45
16.33 59.18 -0.67
18.37 59.18 2.01
20.41 59.18 -0.68
22.45 59.18 -2.77
24.49 59.18 1.29
26.53 59.18 0.99
28.57 59.18 -0.92
30.61 59.18 1.78
32.65 59.18 0.08
34.69 59.18 -2.98
36.73 59.18 0.67
38.78 59.18 1.46
40.82 59.18 -1.0
42.86 59.18 1.4
44.9 59.18 0.77
46.94 59.18 -2.96
48.98 59.18 -0.04
51.02 59.18 1.83
53.06 59.18 -0.9
55.1 59.18 0.91
57.14 59.18 1.37
59.18 59.18 -2.71
61.22 59.18 -0.8
63.27 59.18 2.03
65.31 59.18 -0.63
67.35 59.18 0.39
69.39 59.18 1.79
71.43 59.18 -2.27
73.47 59.18 -1.52
75.51 59.18 2.04
77.55 59.18 -0.22
79.59 59.18 -0.13
81.63 59.18 2.02
83.67 59.18 -1.65
85.71 59.18 -2.17
87.76 59.18 1.86
89.8 59.18 0.27
91.84 59.18 -0.55
93.88 59.18 2.05
95.92 59.18 -0.94
97.96 59.18 -2.64
100.0 59.18 1.46
0.0 61.22 2.0
2.04 61.22 -0.05
4.08 61.22 -0.29
6.12 61.22 2.05
8.16 61.22 -1.41
10.2 61.22 -2.35
12.24 61.22 1.73
14.29 61.22 0.45
16.33 61.22 -0.67
18.37 61.22 2.01
20.41 61.22 -0.68
22.45 61.22 -2.77
24.49 61.22 1.29
26.53 61.22 0.99
28.57 61.22 -0.92
30.61 61.22 1.78
32.65 61.22 0.08
34.69 61.22 -2.98
36.73 61.22 0.67
38.78 61.22 1.46
40.82 61.22 -1.0
42.86 61.22 1.4
44.9 61.22 0.77
46.94 61.22 -2.96
48.98 61.22 -0.04
51.02 61.22 1.83
53.06 61.22 -0.9
55.1 61.22 0.91
57.14 61.22 1.37
59.18 61.22 -2.71
61.22 61.22 -0.8
63.27 61.22 2.03
65.31 61.22 -0.63
67.35 61.22 0.39
69.39 61.22 1.79
71.43 61.22 -2.27
73.47 61.22 -1.52
75.51 61.22 2.04
77.55 61.22 -0.22
79.59 61.22 -0.13
81.63 61.22 2.02
83.67 61.22 -1.65
85.71 61.22 -2.17
87.76 61.22 1.86
89.8 61.22 0.27
91.84 61.22 -0.55
93.88 61.22 2.05
95.92 61.22 -0.94
97.96 61.22 -2.64
100.0 61.22 1.46
0.0 63.27 2.0
2.04 63.27 -0.05
4.08 63.27 -0.29
6.12 63.27 2.05
8.16 63.27 -1.41
10.2 63.27 -2.35
12.24 63.27 1.73
14.29 63.27 0.45
16.33 63.27 -0.67
18.37 63.27 2.01
20.41 63.27 -0.68
22.45 63.27 -2.77
24.49 63.27 1.29
26.53 63.27 0.99
28.57 63.27 -0.92
30.61 63.27 1.78
32.65 63.27 0.08
34.69 63.27 -2.98
36.73 63.27 0.67
38.78 63.27 1.46
40.82 63.27 -1.0
42.86 63.27 1.4
44.9 63.27 0.77
46.94 63.27 -2.96
48.98 63.27 -0.04
51.02 63.27 1.83
53.06 63.27 -0.9
55.1 63.27 0.91
57.14 63.27 1.37
59.18 63.27 -2.71
61.22 63.27 -0.8
63.27 63.27 2.03
65.31 63.27 -0.63
67.35 63.27 0.39
69.39 63.27 1.79
71.43 63.27 -2.27
73.47 63.27 -1.52
75.51 63.27 2.04
77.55 63.27 -0.22
79.59 63.27 -0.13
81.63 63.27 2.02
83.67 63.27 -1.65
85.71 63.27 -2.17
87.76 63.27 1.86
89.8 63.27 0.27
91.84 63.27 -0.55
93.88 63.27 2.05
95.92 63.27 -0.94
97.96 63.27 -2.64
100.0 63.27 1.46
0.0 65.31 2.0
2.04 65.31 -0.05
4.08 65.31 -0.29
6.12 65.31 2.05
8.16 65.31 -1.41
10.2 65.31 -2.35
12.24 65.31 1.73
14.29 65.31 0.45
16.33 65.31 -0.67
18.37 65.31 2.01
20.41 65.31 -0.68
22.45 65.31 -2.77
24.49 65.31 1.29
26.53 65.31 0.99
28.57 65.31 -0.92
30.61 65.31 1.78
32.65 65.31 0.08
34.69 65.31 -2.98
36.73 65.31 0.67
38.78 65.31 1.46
40.82 65.31 -1.0
42.86 65.31 1.4
44.9 65.31 0.77
46.94 65.31 -2.96
48.98 65.31 -0.04
51.02 65.31 1.83
53.06 65.31 -0.9
55.1 65.31 0.91
57.14 65.31 1.37
59.18 65.31 -2.71
61.22 65.31 -0.8
63.27 65.31 2.03
65.31 65.31 -0.63
67.35 65.31 0.39
69.39 65.31 1.79
71.43 65.31 -2.27
73.47 65.31 -1.52
75.51 65.31 2.04
77.55 65.31 -0.22
79.59 65.31 -0.13
81.63 65.31 2.02
83.67 65.31 -1.65
85.71 65.31 -2.17
87.76 65.31 1.86
89.8 65.31 0.27
91.84 65.31 -0.55
93.88 65.31 2.05
95.92 65.31 -0.94
97.96 65.31 -2.64
100.0 65.31 1.46
0.0 67.35 2.0
2.04 67.35 -0.05
4.08 67.35 -0.29
6.12 67.35 2.05
8.16 67.35 -1.41
10.2 67.35 -2.35
12.24 67.35 1.73
14.29 67.35 0.45
16.33 67.35 -0.67
18.37 67.35 2.01
20.41 67.35 -0.68
22.45 67.35 -2.77
24.49 67.35 1.29
26.53 67.35 0.99
28.57 67.35 -0.92
30.61 67.35 1.78
32.65 67.35 0.08
34.69 67.35 -2.98
36.73 67.35 0.67
38.78 67.35 1.46
40.82 67.35 -1.0
42.86 67.35 1.4
44.9 67.35 0.77
46.94 67.35 -2.96
48.98 67.35 -0.04
51.02 67.35 1.83
53.06 67.35 -0.9
55.1 67.35 0.91
57.14 67.35 1.37
59.18 67.35 -2.71
61.22 67.35 -0.8
63.27 67.35 2.03
65.31 67.35 -0.63
67.35 67.35 0.39
69.39 67.35 1.79
71.43 67.35 -2.27
73.47 67.35 -1.52
75.51 67.35 2.04
77.55 67.35 -0.22
79.59 67.35 -0.13
81.63 67.35 2.02
83.67 67.35 -1.65
85.71 67.35 -2.17
87.76 67.35 1.86
89.8 67.35 0.27
91.84 67.35 -0.55
93.88 67.35 2.05
95.92 67.35 -0.94
97.96 67.35 -2.64
100.0 67.35 1.46
0.0 69.39 2.0
2.04 69.39 -0.05
4.08 69.39 -0.29
6.12 69.39 2.05
8.16 69.39 -1.41
10.2 69.39 -2.35
12.24 69.39 1.73
14.29 69.39 0.45
16.33 69.39 -0.67
18.37 69.39 2.01
20.41 69.39 -0.68
22.45 69.39 -2.77
24.49 69.39 1.29
26.53 69.39 0.99
28.57 69.39 -0.92
30.61 69.39 1.78
32.65 69.39 0.08
34.69 69.39 -2.98
36.73 69.39 0.67
38.78 69.39 1.46
40.82 69.39 -1.0
42.86 69.39 1.4
44.9 69.39 0.77
46.94 69.39 -2.96
48.98 69.39 -0.04
51.02 69.39 1.83
53.06 69.39 -0.9
55.1 69.39 0.91
57.14 69.39 1.37
59.18 69.39 -2.71
61.22 69.39 -0.8
63.27 69.39 2.03
65.31 69.39 -0.63
67.35 69.39 0.39
69.39 69.39 1.79
71.43 69.39 -2.27
73.47 69.39 -1.52
75.51 69.39 2.04
77.55 69.39 -0.22
79.59 69.39 -0.13
81.63 69.39 2.02
83.67 69.39 -1.65
85.71 69.39 -2.17
87.76 69.39 1.86
89.8 69.39 0.27
91.84 69.39 -0.55
93.88 69.39 2.05
95.92 69.39 -0.94
97.96 69.39 -2.64
100.0 69.39 1.46
0.0 71.43 2.0
2.04 71.43 -0.05
4.08 71.43 -0.29
6.12 71.43 2.05
8.16 71.43 -1.41
10.2 71.43 -2.35
12.24 71.43 1.73
14.29 71.43 0.45
16.33 71.43 -0.67
18.37 71.43 2.01
20.41 71.43 -0.68
22.45 71.43 -2.77
24.49 71.43 1.29
26.53 71.43 0.99
28.57 71.43 -0.92
30.61 71.43 1.78
32.65 71.43 0.08
34.69 71.43 -2.98
36.73 71.43 0.67
38.78 71.43 1.46
40.82 71.43 -1.0
42.86 71.43 1.4
44.9 71.43 0.77
46.94 71.43 -2.96
48.98 71.43 -0.04
51.02 71.43 1.83
53.06 71.43 -0.9
55.1 71.43 0.91
57.14 71.43 1.37
59.18 71.43 -2.71
61.22 71.43 -0.8
63.27 71.43 2.03
65.31 71.43 -0.63
67.35 71.43 0.39
69.39 71.43 1.79
71.43 71.43 -2.27
73.47 71.43 -1.52
75.51 71.43 2.04
77.55 71.43 -0.22
79.59 71.43 -0.13
81.63 71.43 2.02
83.67 71.43 -1.65
85.71 71.43 -2.17
87.76 71.43 1.86
89.8 71.43 0.27
91.84 71.43 -0.55
93.88 71.43 2.05
95.92 71.43 -0.94
97.96 71.43 -2.64
100.0 71.43 1.46
0.0 73.47 2.0
2.04 73.47 -0.05
4.08 73.47 -0.29
6.12 73.47 2.05
8.16 73.47 -1.41
10.2 73.47 -2.35
12.24 73.47 1.73
14.29 73.47 0.45
16.33 73.47 -0.67
18.37 73.47 2.01
20.41 73.47 -0.68
22.45 73.47 -2.77
24.49 73.47 1.29
26.53 73.47 0.99
28.57 73.47 -0.92
30.61 73.47 1.78
32.65 73.47 0.08
34.69 73.47 -2.98
36.73 73.47 0.67
38.78 73.47 1.46
40.82 73.47 -1.0
42.86 73.47 1.4
44.9 73.47 0.77
46.94 73.47 -2.96
48.98 73.47 -0.04
51.02 73.47 1.83
53.06 73.47 -0.9
55.1 73.47 0.91
57.14 73.47 1.37
59.18 73.47 -2.71
61.22 73.47 -0.8
63.27 73.47 2.03
65.31 73.47 -0.63
67.35 73.47 0.39
69.39 73.47 1.79
71.43 73.47 -2.27
73.47 73.47 -1.52
75.51 73.47 2.04
77.55 73.47 -0.22
79.59 73.47 -0.13
81.63 73.47 2.02
83.67 73.47 -1.65
85.71 73.47 -2.17
87.76 73.47 1.86
89.8 73.47 0.27
91.84 73.47 -0.55
93.88 73.47 2.05
95.92 73.47 -0.94
97.96 73.47 -2.64
100.0 73.47 1.46
0.0 75.51 2.0
2.04 75.51 -0.05
4.08 75.51 -0.29
6.12 75.51 2.05
8.16 75.51 -1.41
10.2 75.51 -2.35
12.24 75.51 1.73
14.29 75.51 0.45
16.33 75.51 -0.67
18.37 75.51 2.01
20.41 75.51 -0.68
22.45 75.51 -2.77
24.49 75.51 1.29
26.53 75.51 0.99
28.57 75.51 -0.92
30.61 75.51 1.78
32.65 75.51 0.08
34.69 75.51 -2.98
36.73 75.51 0.67
38.78 75.51 1.46
40.82 75.51 -1.0
42.86 75.51 1.4
44.9 75.51 0.77
46.94 75.51 -2.96
48.98 75.51 -0.04
51.02 75.51 1.83
53.06 75.51 -0.9
55.1 75.51 0.91
57.14 75.51 1.37
59.18 75.51 -2.71
61.22 75.51 -0.8
63.27 75.51 2.03
65.31 75.51 -0.63
67.35 75.51 0.39
69.39 75.51 1.79
71.43 75.51 -2.27
73.47 75.51 -1.52
75.51 75.51 2.04
77.55 75.51 -0.22
79.59 75.51 -0.13
81.63 75.51 2.02
83.67 75.51 -1.65
85.71 75.51 -2.17
87.76 75.51 1.86
89.8 75.51 0.27
91.84 75.51 -0.55
93.88 75.51 2.05
95.92 75.51 -0.94
97.96 75.51 -2.64
100.0 75.51 1.46
0.0 77.55 2.0
2.04 77.55 -0.05
4.08 77.55 -0.29
6.12 77.55 2.05
8.16 77.55 -1.41
10.2 77.55 -2.35
12.24 77.55 1.73
14.29 77.55 0.45
16.33 77.55 -0.67
18.37 77.55 2.01
20.41 77.55 -0.68
22.45 77.55 -2.77
24.49 77.55 1.29
26.53 77.55 0.99
28.57 77.55 -0.92
30.61 77.55 1.78
32.65 77.55 0.08
34.69 77.55 -2.98
36.73 77.55 0.67
38.78 77.55 1.46
40.82 77.55 -1.0
42.86 77.55 1.4
44.9 77.55 0.77
46.94 77.55 -2.96
48.98 77.55 -0.04
51.02 77.55 1.83
53.06 77.55 -0.9
55.1 77.55 0.91
57.14 77.55 1.37
59.18 77.55 -2.71
61.22 77.55 -0.8
63.27 77.55 2.03
65.31 77.55 -0.63
67.35 77.55 0.39
69.39 77.55 1.79
71.43 77.55 -2.27
73.47 77.55 -1.52
75.51 77.55 2.04
77.55 77.55 -0.22
79.59 77.55 -0.13
81.63 77.55 2.02
83.67 77.55 -1.65
85.71 77.55 -2.17
87.76 77.55 1.86
89.8 77.55 0.27
91.84 77.55 -0.55
93.88 77.55 2.05
95.92 77.55 -0.94
97.96 77.55 -2.64
100.0 77.55 1.46
0.0 79.59 2.0
2.04 79.59 -0.05
4.08 79.59 -0.29
6.12 79.59 2.05
8.16 79.59 -1.41
10.2 79.59 -2.35
12.24 79.59 1.73
14.29 79.59 0.45
16.33 79.59 -0.67
18.37 79.59 2.01
20.41 79.59 -0.68
22.45 79.59 -2.77
24.49 79.59 1.29
26.53 79.59 0.99
28.57 79.59 -0.92
30.61 79.59 1.78
32.65 79.59 0.08
34.69 79.59 -2.98
36.73 79.59 0.67
38.78 79.59 1.46
40.82 79.59 -1.0
42.86 79.59 1.4
44.9 79.59 0.77
46.94 79.59 -2.96
48.98 79.59 -0.04
51.02 79.59 1.83
53.06 79.59 -0.9
55.1 79.59 0.91
57.14 79.59 1.37
59.18 79.59 -2.71
61.22 79.59 -0.8
63.27 79.59 2.03
65.31 79.59 -0.63
67.35 79.59 0.39
69.39 79.59 1.79
71.43 79.59 -2.27
73.47 79.59 -1.52
75.51 79.59 2.04
77.55 79.59 -0.22
79.59 79.59 -0.13
81.63 79.59 2.02
83.67 79.59 -1.65
85.71 79.59 -2.17
87.76 79.59 1.86
89.8 79.59 0.27
91.84 79.59 -0.55
93.88 79.59 2.05
95.92 79.59 -0.94
97.96 79.59 -2.64
100.0 79.59 1.46
0.0 81.63 2.0
2.04 81.63 -0.05
4.08 81.63 -0.29
6.12 81.63 2.05
8.16 81.63 -1.41
10.2 81.63 -2.35
12.24 81.63 1.73
14.29 81.63 0.45
16.33 81.63 -0.67
18.37 81.63 2.01
20.41 81.63 -0.68
22.45 81.63 -2.77
24.49 81.63 1.29
26.53 81.63 0.99
28.57 81.63 -0.92
30.61 81.63 1.78
32.65 81.63 0.08
34.69 81.63 -2.98
36.73 81.63 0.67
38.78 81.63 1.46
40.82 81.63 -1.0
42.86 81.63 1.4
44.9 81.63 0.77
46.94 81.63 -2.96
48.98 81.63 -0.04
51.02 81.63 1.83
53.06 81.63 -0.9
55.1 81.63 0.91
57.14 81.63 1.37
59.18 81.63 -2.71
61.22 81.63 -0.8
63.27 81.63 2.03
65.31 81.63 -0.63
67.35 81.63 0.39
69.39 81.63 1.79
71.43 81.63 -2.27
73.47 81.63 -1.52
75.51 81.63 2.04
77.55 81.63 -0.22
79.59 81.63 -0.13
81.63 81.63 2.02
83.67 81.63 -1.65
85.71 81.63 -2.17
87.76 81.63 1.86
89.8 81.63 0.27
91.84 81.63 -0.55
93.88 81.63 2.05
95.92 81.63 -0.94
97.96 81.63 -2.64
100.0 81.63 1.46
0.0 83.67 2.0
2.04 83.67 -0.05
4.08 83.67 -0.29
6.12 83.67 2.05
8.16 83.67 -1.41
10.2 83.67 -2.35
12.24 83.67 1.73
14.29 83.67 0.45
16.33 83.67 -0.67
18.37 83.67 2.01
20.41 83.67 -0.68
22.45 83.67 -2.77
24.49 83.67 1.29
26.53 83.67 0.99
28.57 83.67 -0.92
30.61 83.67 1.78
32.65 83.67 0.08
34.69 83.67 -2.98
36.73 83.67 0.67
38.78 83.67 1.46
40.82 83.67 -1.0
42.86 83.67 1.4
44.9 83.67 0.77
46.94 83.67 -2.96
48.98 83.67 -0.04
51.02 83.67 1.83
53.06 83.67 -0.9
55.1 83.67 0.91
57.14 83.67 1.37
59.18 83.67 -2.71
61.22 83.67 -0.8
63.27 83.67 2.03
65.31 83.67 -0.63
67.35 83.67 0.39
69.39 83.67 1.79
71.43 83.67 -2.27
73.47 83.67 -1.52
75.51 83.67 2.04
77.55 83.67 -0.22
79.59 83.67 -0.13
81.63 83.67 2.02
83.67 83.67 -1.65
85.71 83.67 -2.17
87.76 83.67 1.86
89.8 83.67 0.27
91.84 83.67 -0.55
93.88 83.67 2.05
95.92 83.67 -0.94
97.96 83.67 -2.64
100.0 83.67 1.46
0.0 85.71 2.0
2.04 85.71 -0.05
4.08 85.71 -0.29
6.12 85.71 2.05
8.16 85.71 -1.41
10.2 85.71 -2.35
12.24 85.71 1.73
14.29 85.71 0.45
16.33 85.71 -0.67
18.37 85.71 2.01
20.41 85.71 -0.68
22.45 85.71 -2.77
24.49 85.71 1.29
26.53 85.71 0.99
28.57 85.71 -0.92
30.61 85.71 1.78
32.65 85.71 0.08
34.69 85.71 -2.98
36.73 85.71 0.67
38.78 85.71 1.46
40.82 85.71 -1.0
42.86 85.71 1.4
44.9 85.71 0.77
46.94 85.71 -2.96
48.98 85.71 -0.04
51.02 85.71 1.83
53.06 85.71 -0.9
55.1 85.71 0.91
57.14 85.71 1.37
59.18 85.71 -2.71
61.22 85.71 -0.8
63.27 85.71 2.03
65.31 85.71 -0.63
67.35 85.71 0.39
69.39 85.71 1.79
71.43 85.71 -2.27
73.47 85.71 -1.52
75.51 85.71 2.04
77.55 85.71 -0.22
79.59 85.71 -0.13
81.63 85.71 2.02
83.67 85.71 -1.65
85.71 85.71 -2.17
87.76 85.71 1.86
89.8 85.71 0.27
91.84 85.71 -0.55
93.88 85.71 2.05
95.92 85.71 -0.94
97.96 85.71 -2.64
100.0 85.71 1.46
0.0 87.76 2.0
2.04 87.76 -0.05
4.08 87.76 -0.29
6.12 87.76 2.05
8.16 87.76 -1.41
10.2 87.76 -2.35
12.24 87.76 1.73
14.29 87.76 0.45
16.33 87.76 -0.67
18.37 87.76 2.01
20.41 87.76 -0.68
22.45 87.76 -2.77
24.49 87.76 1.29
26.53 87.76 0.99
28.57 87.76 -0.92
30.61 87.76 1.78
32.65 87.76 0.08
34.69 87.76 -2.98
36.73 87.76 0.67
38.78 87.76 1.46
40.82 87.76 -1.0
42.86 87.76 1.4
44.9 87.76 0.77
46.94 87.76 -2.96
48.98 87.76 -0.04
51.02 87.76 1.83
53.06 87.76 -0.9
55.1 87.76 0.91
57.14 87.76 1.37
59.18 87.76 -2.71
61.22 87.76 -0.8
63.27 87.76 2.03
65.31 87.76 -0.63
67.35 87.76 0.39
69.39 87.76 1.79
71.43 87.76 -2.27
73.47 87.76 -1.52
75.51 87.76 2.04
77.55 87.76 -0.22
79.59 87.76 -0.13
81.63 87.76 2.02
83.67 87.76 -1.65
85.71 87.76 -2.17
87.76 87.76 1.86
89.8 87.76 0.27
91.84 87.76 -0.55
93.88 87.76 2.05
95.92 87.76 -0.94
97.96 87.76 -2.64
100.0 87.76 1.46
0.0 89.8 2.0
2.04 89.8 -0.05
4.08 89.8 -0.29
6.12 89.8 2.05
8.16 89.8 -1.41
10.2 89.8 -2.35
12.24 89.8 1.73
14.29 89.8 0.45
16.33 89.8 -0.67
18.37 89.8 2.01
20.41 89.8 -0.68
22.45 89.8 -2.77
24.49 89.8 1.29
26.53 89.8 0.99
28.57 89.8 -0.92
30.61 89.8 1.78
32.65 89.8 0.08
34.69 89.8 -2.98
36.73 89.8 0.67
38.78 89.8 1.46
40.82 89.8 -1.0
42.86 89.8 1.4
44.9 89.8 0.77
46.94 89.8 -2.96
48.98 89.8 -0.04
51.02 89.8 1.83
53.06 89.8 -0.9
55.1 89.8 0.91
57.14 89.8 1.37
59.18 89.8 -2.71
61.22 89.8 -0.8
63.27 89.8 2.03
65.31 89.8 -0.63
67.35 89.8 0.39
69.39 89.8 1.79
71.43 89.8 -2.27
73.47 89.8 -1.52
75.51 89.8 2.04
77.55 89.8 -0.22
79.59 89.8 -0.13
81.63 89.8 2.02
83.67 89.8 -1.65
85.71 89.8 -2.17
87.76 89.8 1.86
89.8 89.8 0.27
91.84 89.8 -0.55
93.88 89.8 2.05
95.92 89.8 -0.94
97.96 89.8 -2.64
100.0 89.8 1.46
0.0 91.84 2.0
2.04 91.84 -0.05
4.08 91.84 -0.29
6.12 91.84 2.05
8.16 91.84 -1.41
10.2 91.84 -2.35
12.24 91.84 1.73
14.29 91.84 0.45
16.33 91.84 -0.67
18.37 91.84 2.01
20.41 91.84 -0.68
22.45 91.84 -2.77
24.49 91.84 1.29
26.53 91.84 0.99
28.57 91.84 -0.92
30.61 91.84 1.78
32.65 91.84 0.08
34.69 91.84 -2.98
36.73 91.84 0.67
38.78 91.84 1.46
40.82 91.84 -1.0
42.86 91.84 1.4
44.9 91.84 0.77
46.94 91.84 -2.96
48.98 91.84 -0.04
51.02 91.84 1.83
53.06 91.84 -0.9
55.1 91.84 0.91
57.14 91.84 1.37
59.18 91.84 -2.71
61.22 91.84 -0.8
63.27 91.84 2.03
65.31 91.84 -0.63
67.35 91.84 0.39
69.39 91.84 1.79
71.43 91.84 -2.27
73.47 91.84 -1.52
75.51 91.84 2.04
77.55 91.84 -0.22
79.59 91.84 -0.13
81.63 91.84 2.02
83.67 91.84 -1.65
85.71 91.84 -2.17
87.76 91.84 1.86
89.8 91.84 0.27
91.84 91.84 -0.55
93.88 91.84 2.05
95.92 91.84 -0.94
97.96 91.84 -2.64
100.0 91.84 1.46
0.0 93.88 2.0
2.04 93.88 -0.05
4.08 93.88 -0.29
6.12 93.88 2.05
8.16 93.88 -1.41
10.2 93.88 -2.35
12.24 93.88 1.73
14.29 93.88 0.45
16.33 93.88 -0.67
18.37 93.88 2.01
20.41 93.88 -0.68
22.45 93.88 -2.77
24.49 93.88 1.29
26.53 93.88 0.99
28.57 93.88 -0.92
30.61 93.88 1.78
32.65 93.88 0.08
34.69 93.88 -2.98
36.73 93.88 0.67
38.78 93.88 1.46
40.82 93.88 -1.0
42.86 93.88 1.4
44.9 93.88 0.77
46.94 93.88 -2.96
48.98 93.88 -0.04
51.02 93.88 1.83
53.06 93.88 -0.9
55.1 93.88 0.91
57.14 93.88 1.37
59.18 93.88 -2.71
61.22 93.88 -0.8
63.27 93.88 2.03
65.31 93.88 -0.63
67.35 93.88 0.39
69.39 93.88 1.79
71.43 93.88 -2.27
73.47 93.88 -1.52
75.51 93.88 2.04
77.55 93.88 -0.22
79.59 93.88 -0.13
81.63 93.88 2.02
83.67 93.88 -1.65
85.71 93.88 -2.17
87.76 93.88 1.86
89.8 93.88 0.27
91.84 93.88 -0.55
93.88 93.88 2.05
95.92 93.88 -0.94
97.96 93.88 -2.64
100.0 93.88 1.46
0.0 95.92 2.0
2.04 95.92 -0.05
4.08 95.92 -0.29
6.12 95.92 2.05
8.16 95.92 -1.41
10.2 95.92 -2.35
12.24 95.92 1.73
14.29 95.92 0.45
16.33 95.92 -0.67
18.37 95.92 2.01
20.41 95.92 -0.68
22.45 95.92 -2.77
24.49 95.92 1.29
26.53 95.92 0.99
28.57 95.92 -0.92
30.61 95.92 1.78
32.65 95.92 0.08
34.69 95.92 -2.98
36.73 95.92 0.67
38.78 95.92 1.46
40.82 95.92 -1.0
42.86 95.92 1.4
44.9 95.92 0.77
46.94 95.92 -2.96
48.98 95.92 -0.04
51.02 95.92 1.83
53.06 95.92 -0.9
55.1 95.92 0.91
57.14 95.92 1.37
59.18 95.92 -2.71
61.22 95.92 -0.8
63.27 95.92 2.03
65.31 95.92 -0.63
67.35 95.92 0.39
69.39 95.92 1.79
71.43 95.92 -2.27
73.47 95.92 -1.52
75.51 95.92 2.04
77.55 95.92 -0.22
79.59 95.92 -0.13
81.63 95.92 2.02
83.67 95.92 -1.65
85.71 95.92 -2.17
87.76 95.92 1.86
89.8 95.92 0.27
91.84 95.92 -0.55
93.88 95.92 2.05
95.92 95.92 -0.94
97.96 95.92 -2.64
100.0 95.92 1.46
0.0 97.96 2.0
2.04 97.96 -0.05
4.08 97.96 -0.29
6.12 97.96 2.05
8.16 97.96 -1.41
10.2 97.96 -2.35
12.24 97.96 1.73
14.29 97.96 0.45
16.33 97.96 -0.67
18.37 97.96 2.01
20.41 97.96 -0.68
22.45 97.96 -2.77
24.49 97.96 1.29
26.53 97.96 0.99
28.57 97.96 -0.92
30.61 97.96 1.78
32.65 97.96 0.08
34.69 97.96 -2.98
36.73 97.96 0.67
38.78 97.96 1.46
40.82 97.96 -1.0
42.86 97.96 1.4
44.9 97.96 0.77
46.94 97.96 -2.96
48.98 97.96 -0.04
51.02 97.96 1.83
53.06 97.96 -0.9
55.1 97.96 0.91
57.14 97.96 1.37
59.18 97.96 -2.71
61.22 97.96 -0.8
63.27 97.96 2.03
65.31 97.96 -0.63
67.35 97.96 0.39
69.39 97.96 1.79
71.43 97.96 -2.27
73.47 97.96 -1.52
75.51 97.96 2.04
77.55 97.96 -0.22
79.59 97.96 -0.13
81.63 97.96 2.02
83.67 97.96 -1.65
85.71 97.96 -2.17
87.76 97.96 1.86
89.8 97.96 0.27
91.84 97.96 -0.55
93.88 97.96 2.05
95.92 97.96 -0.94
97.96 97.96 -2.64
100.0 97.96 1.46
0.0 100.0 2.0
2.04 100.0 -0.05
4.08 100.0 -0.29
6.12 100.0 2.05
8.16 100.0 -1.41
10.2 100.0 -2.35
12.24 100.0 1.73
14.29 100.0 0.45
16.33 100.0 -0.67
18.37 100.0 2.01
20.41 100.0 -0.68
22.45 100.0 -2.77
24.49 100.0 1.29
26.53 100.0 0.99
28.57 100.0 -0.92
30.61 100.0 1.78
32.65 100.0 0.08
34.69 100.0 -2.98
36.73 100.0 0.67
38.78 100.0 1.46
40.82 100.0 -1.0
42.86 100.0 1.4
44.9 100.0 0.77
46.94 100.0 -2.96
48.98 100.0 -0.04
51.02 100.0 1.83
53.06 100.0 -0.9
55.1 100.0 0.91
57.14 100.0 1.37
59.18 100.0 -2.71
61.22 100.0 -0.8
63.27 100.0 2.03
65.31 100.0 -0.63
67.35 100.0 0.39
69.39 100.0 1.79
71.43 100.0 -2.27
73.47 100.0 -1.52
75.51 100.0 2.04
77.55 100.0 -0.22
79.59 100.0 -0.13
81.63 100.0 2.02
83.67 100.0 -1.65
85.71 100.0 -2.17
87.76 100.0 1.86
89.8 100.0 0.27
91.84 100.0 -0.55
93.88 100.0 2.05
95.92 100.0 -0.94
97.96 100.0 -2.64
100.0 100.0 1.46
