2 100 -5 17 50
-10.0 -10.0 471.0
-9.59 -10.0 450.67
-9.18 -10.0 430.67
-8.78 -10.0 411.49
-8.37 -10.0 392.16
-7.96 -10.0 373.16
-7.55 -10.0 354.5
-7.14 -10.0 336.18
-6.73 -10.0 318.19
-6.33 -10.0 300.97
-5.92 -10.0 283.65
-5.51 -10.0 266.66
-5.1 -10.0 250.01
-4.69 -10.0 233.7
-4.29 -10.0 218.1
-3.88 -10.0 202.45
-3.47 -10.0 187.14
-3.06 -10.0 172.16
-2.65 -10.0 157.52
-2.24 -10.0 143.22
-1.84 -10.0 129.59
-1.43 -10.0 115.94
-1.02 -10.0 102.64
-0.61 -10.0 89.67
-0.2 -10.0 77.04
0.2 -10.0 65.04
0.61 -10.0 53.07
1.02 -10.0 41.44
1.43 -10.0 30.14
1.84 -10.0 19.19
2.24 -10.0 8.82
2.65 -10.0 -1.48
3.06 -10.0 -11.44
3.47 -10.0 -21.06
3.88 -10.0 -30.35
4.29 -10.0 -39.3
4.69 -10.0 -47.7
5.1 -10.0 -55.99
5.51 -10.0 -63.94
5.92 -10.0 -71.55
6.33 -10.0 -78.83
6.73 -10.0 -85.61
7.14 -10.0 -92.22
7.55 -10.0 -98.5
7.96 -10.0 -104.44
8.37 -10.0 -110.04
8.78 -10.0 -115.31
9.18 -10.0 -120.13
9.59 -10.0 -124.73
10.0 -10.0 -129.0
-10.0 -9.59 455.83
-9.59 -9.59 436.0
-9.18 -9.59 416.51
-8.78 -9.59 397.82
-8.37 -9.59 378.99
-7.96 -9.59 360.5
-7.55 -9.59 342.35
-7.14 -9.59 324.53
-6.73 -9.59 307.04
-6.33 -9.59 290.31
-5.92 -9.59 273.49
-5.51 -9.59 257.01
-5.1 -9.59 240.87
-4.69 -9.59 225.06
-4.29 -9.59 209.96
-3.88 -9.59 194.81
-3.47 -9.59 180.0
-3.06 -9.59 165.53
-2.65 -9.59 151.39
-2.24 -9.59 137.59
-1.84 -9.59 124.45
-1.43 -9.59 111.32
-1.02 -9.59 98.52
-0.61 -9.59 86.05
-0.2 -9.59 73.92
0.2 -9.59 62.42
0.61 -9.59 50.95
1.02 -9.59 39.82
1.43 -9.59 29.03
1.84 -9.59 18.58
2.24 -9.59 8.7
2.65 -9.59 -1.09
3.06 -9.59 -10.54
3.47 -9.59 -19.66
3.88 -9.59 -28.44
4.29 -9.59 -36.89
4.69 -9.59 -44.81
5.1 -9.59 -52.59
5.51 -9.59 -60.03
5.92 -9.59 -67.14
6.33 -9.59 -73.92
6.73 -9.59 -80.2
7.14 -9.59 -86.31
7.55 -9.59 -92.08
7.96 -9.59 -97.52
8.37 -9.59 -102.62
8.78 -9.59 -107.38
9.18 -9.59 -111.71
9.59 -9.59 -115.81
10.0 -9.59 -119.57
-10.0 -9.18 440.66
-9.59 -9.18 421.34
-9.18 -9.18 402.35
-8.78 -9.18 384.15
-8.37 -9.18 365.83
-7.96 -9.18 347.84
-7.55 -9.18 330.19
-7.14 -9.18 312.88
-6.73 -9.18 295.9
-6.33 -9.18 279.66
-5.92 -9.18 263.34
-5.51 -9.18 247.37
-5.1 -9.18 231.72
-4.69 -9.18 216.42
-4.29 -9.18 201.81
-3.88 -9.18 187.17
-3.47 -9.18 172.86
-3.06 -9.18 158.9
-2.65 -9.18 145.26
-2.24 -9.18 131.97
-1.84 -9.18 119.32
-1.43 -9.18 106.69
-1.02 -9.18 94.39
-0.61 -9.18 82.43
-0.2 -9.18 70.81
0.2 -9.18 59.79
0.61 -9.18 48.83
1.02 -9.18 38.21
1.43 -9.18 27.92
1.84 -9.18 17.97
2.24 -9.18 8.59
2.65 -9.18 -0.7
3.06 -9.18 -9.65
3.47 -9.18 -18.26
3.88 -9.18 -26.54
4.29 -9.18 -34.48
4.69 -9.18 -41.91
5.1 -9.18 -49.18
5.51 -9.18 -56.13
5.92 -9.18 -62.73
6.33 -9.18 -69.0
6.73 -9.18 -74.79
7.14 -9.18 -80.4
7.55 -9.18 -85.66
7.96 -9.18 -90.6
8.37 -9.18 -95.19
8.78 -9.18 -99.45
9.18 -9.18 -103.28
9.59 -9.18 -106.88
10.0 -9.18 -110.14
-10.0 -8.78 425.86
-9.59 -8.78 407.03
-9.18 -8.78 388.53
-8.78 -8.78 370.81
-8.37 -8.78 352.98
-7.96 -8.78 335.49
-7.55 -8.78 318.33
-7.14 -8.78 301.51
-6.73 -8.78 285.02
-6.33 -8.78 269.26
-5.92 -8.78 253.44
-5.51 -8.78 237.95
-5.1 -8.78 222.8
-4.69 -8.78 207.99
-4.29 -8.78 193.86
-3.88 -8.78 179.71
-3.47 -8.78 165.9
-3.06 -8.78 152.42
-2.65 -8.78 139.28
-2.24 -8.78 126.48
-1.84 -8.78 114.31
-1.43 -8.78 102.17
-1.02 -8.78 90.37
-0.61 -8.78 78.9
-0.2 -8.78 67.77
0.2 -8.78 57.23
0.61 -8.78 46.76
1.02 -8.78 36.63
1.43 -8.78 26.84
1.84 -8.78 17.38
2.24 -8.78 8.48
2.65 -8.78 -0.32
3.06 -8.78 -8.78
3.47 -8.78 -16.9
3.88 -8.78 -24.68
4.29 -8.78 -32.13
4.69 -8.78 -39.08
5.1 -8.78 -45.86
5.51 -8.78 -52.31
5.92 -8.78 -58.43
6.33 -8.78 -64.2
6.73 -8.78 -69.52
7.14 -8.78 -74.63
7.55 -8.78 -79.4
7.96 -8.78 -83.84
8.37 -8.78 -87.95
8.78 -8.78 -91.72
9.18 -8.78 -95.07
9.59 -8.78 -98.17
10.0 -8.78 -100.94
-10.0 -8.37 410.69
-9.59 -8.37 392.36
-9.18 -8.37 374.37
-8.78 -8.37 357.14
-8.37 -8.37 339.82
-7.96 -8.37 322.83
-7.55 -8.37 306.17
-7.14 -8.37 289.85
-6.73 -8.37 273.87
-6.33 -8.37 258.61
-5.92 -8.37 243.29
-5.51 -8.37 228.31
-5.1 -8.37 213.66
-4.69 -8.37 199.35
-4.29 -8.37 185.72
-3.88 -8.37 172.07
-3.47 -8.37 158.76
-3.06 -8.37 145.79
-2.65 -8.37 133.15
-2.24 -8.37 120.85
-1.84 -8.37 109.18
-1.43 -8.37 97.54
-1.02 -8.37 86.24
-0.61 -8.37 75.28
-0.2 -8.37 64.65
0.2 -8.37 54.61
0.61 -8.37 44.64
1.02 -8.37 35.02
1.43 -8.37 25.73
1.84 -8.37 16.77
2.24 -8.37 8.36
2.65 -8.37 0.07
3.06 -8.37 -7.88
3.47 -8.37 -15.5
3.88 -8.37 -22.78
4.29 -8.37 -29.73
4.69 -8.37 -36.18
5.1 -8.37 -42.46
5.51 -8.37 -48.41
5.92 -8.37 -54.01
6.33 -8.37 -59.29
6.73 -8.37 -64.11
7.14 -8.37 -68.72
7.55 -8.37 -72.99
7.96 -8.37 -76.92
8.37 -8.37 -80.52
8.78 -8.37 -83.79
9.18 -8.37 -86.65
9.59 -8.37 -89.25
10.0 -8.37 -91.51
-10.0 -7.96 395.52
-9.59 -7.96 377.7
-9.18 -7.96 360.21
-8.78 -7.96 343.47
-8.37 -7.96 326.65
-7.96 -7.96 310.17
-7.55 -7.96 294.02
-7.14 -7.96 278.2
-6.73 -7.96 262.73
-6.33 -7.96 247.95
-5.92 -7.96 233.14
-5.51 -7.96 218.66
-5.1 -7.96 204.52
-4.69 -7.96 190.71
-4.29 -7.96 177.57
-3.88 -7.96 164.43
-3.47 -7.96 151.62
-3.06 -7.96 139.16
-2.65 -7.96 127.02
-2.24 -7.96 115.23
-1.84 -7.96 104.04
-1.43 -7.96 92.91
-1.02 -7.96 82.12
-0.61 -7.96 71.66
-0.2 -7.96 61.54
0.2 -7.96 51.98
0.61 -7.96 42.53
1.02 -7.96 33.4
1.43 -7.96 24.62
1.84 -7.96 16.17
2.24 -7.96 8.25
2.65 -7.96 0.46
3.06 -7.96 -6.99
3.47 -7.96 -14.1
3.88 -7.96 -20.88
4.29 -7.96 -27.32
4.69 -7.96 -33.28
5.1 -7.96 -39.06
5.51 -7.96 -44.5
5.92 -7.96 -49.6
6.33 -7.96 -54.37
6.73 -7.96 -58.7
7.14 -7.96 -62.8
7.55 -7.96 -66.57
7.96 -7.96 -70.0
8.37 -7.96 -73.1
8.78 -7.96 -75.86
9.18 -7.96 -78.23
9.59 -7.96 -80.32
10.0 -7.96 -82.08
-10.0 -7.55 380.35
-9.59 -7.55 363.03
-9.18 -7.55 346.05
-8.78 -7.55 329.81
-8.37 -7.55 313.49
-7.96 -7.55 297.51
-7.55 -7.55 281.86
-7.14 -7.55 266.55
-6.73 -7.55 251.58
-6.33 -7.55 237.29
-5.92 -7.55 222.98
-5.51 -7.55 209.01
-5.1 -7.55 195.37
-4.69 -7.55 182.07
-4.29 -7.55 169.42
-3.88 -7.55 156.79
-3.47 -7.55 144.49
-3.06 -7.55 132.52
-2.65 -7.55 120.89
-2.24 -7.55 109.6
-1.84 -7.55 98.91
-1.43 -7.55 88.28
-1.02 -7.55 77.99
-0.61 -7.55 68.04
-0.2 -7.55 58.42
0.2 -7.55 49.36
0.61 -7.55 40.41
1.02 -7.55 31.79
1.43 -7.55 23.51
1.84 -7.55 15.56
2.24 -7.55 8.13
2.65 -7.55 0.85
3.06 -7.55 -6.1
3.47 -7.55 -12.7
3.88 -7.55 -18.98
4.29 -7.55 -24.91
4.69 -7.55 -30.38
5.1 -7.55 -35.65
5.51 -7.55 -40.59
5.92 -7.55 -45.19
6.33 -7.55 -49.46
6.73 -7.55 -53.29
7.14 -7.55 -56.89
7.55 -7.55 -60.15
7.96 -7.55 -63.08
8.37 -7.55 -65.67
8.78 -7.55 -67.93
9.18 -7.55 -69.8
9.59 -7.55 -71.4
10.0 -7.55 -72.65
-10.0 -7.14 365.18
-9.59 -7.14 348.37
-9.18 -7.14 331.89
-8.78 -7.14 316.14
-8.37 -7.14 300.32
-7.96 -7.14 284.84
-7.55 -7.14 269.7
-7.14 -7.14 254.9
-6.73 -7.14 240.43
-6.33 -7.14 226.64
-5.92 -7.14 212.83
-5.51 -7.14 199.36
-5.1 -7.14 186.23
-4.69 -7.14 173.44
-4.29 -7.14 161.28
-3.88 -7.14 149.14
-3.47 -7.14 137.35
-3.06 -7.14 125.89
-2.65 -7.14 114.77
-2.24 -7.14 103.98
-1.84 -7.14 93.78
-1.43 -7.14 83.66
-1.02 -7.14 73.87
-0.61 -7.14 64.42
-0.2 -7.14 55.3
0.2 -7.14 46.74
0.61 -7.14 38.29
1.02 -7.14 30.17
1.43 -7.14 22.39
1.84 -7.14 14.95
2.24 -7.14 8.02
2.65 -7.14 1.24
3.06 -7.14 -5.2
3.47 -7.14 -11.31
3.88 -7.14 -17.08
4.29 -7.14 -22.51
4.69 -7.14 -27.48
5.1 -7.14 -32.25
5.51 -7.14 -36.68
5.92 -7.14 -40.78
6.33 -7.14 -44.54
6.73 -7.14 -47.88
7.14 -7.14 -50.98
7.55 -7.14 -53.74
7.96 -7.14 -56.16
8.37 -7.14 -58.25
8.78 -7.14 -60.0
9.18 -7.14 -61.38
9.59 -7.14 -62.47
10.0 -7.14 -63.22
-10.0 -6.73 350.01
-9.59 -6.73 333.7
-9.18 -6.73 317.73
-8.78 -6.73 302.47
-8.37 -6.73 287.16
-7.96 -6.73 272.18
-7.55 -6.73 257.55
-7.14 -6.73 243.25
-6.73 -6.73 229.28
-6.33 -6.73 215.98
-5.92 -6.73 202.68
-5.51 -6.73 189.72
-5.1 -6.73 177.09
-4.69 -6.73 164.8
-4.29 -6.73 153.13
-3.88 -6.73 141.5
-3.47 -6.73 130.21
-3.06 -6.73 119.26
-2.65 -6.73 108.64
-2.24 -6.73 98.35
-1.84 -6.73 88.65
-1.43 -6.73 79.03
-1.02 -6.73 69.74
-0.61 -6.73 60.8
-0.2 -6.73 52.19
0.2 -6.73 44.11
0.61 -6.73 36.17
1.02 -6.73 28.56
1.43 -6.73 21.28
1.84 -6.73 14.35
2.24 -6.73 7.9
2.65 -6.73 1.63
3.06 -6.73 -4.31
3.47 -6.73 -9.91
3.88 -6.73 -15.17
4.29 -6.73 -20.1
4.69 -6.73 -24.59
5.1 -6.73 -28.85
5.51 -6.73 -32.78
5.92 -6.73 -36.37
6.33 -6.73 -39.62
6.73 -6.73 -42.48
7.14 -6.73 -45.07
7.55 -6.73 -47.32
7.96 -6.73 -49.24
8.37 -6.73 -50.82
8.78 -6.73 -52.07
9.18 -6.73 -52.96
9.59 -6.73 -53.54
10.0 -6.73 -53.79
-10.0 -6.33 335.21
-9.59 -6.33 319.39
-9.18 -6.33 303.91
-8.78 -6.33 289.13
-8.37 -6.33 274.31
-7.96 -6.33 259.83
-7.55 -6.33 245.69
-7.14 -6.33 231.88
-6.73 -6.33 218.41
-6.33 -6.33 205.59
-5.92 -6.33 192.78
-5.51 -6.33 180.3
-5.1 -6.33 168.17
-4.69 -6.33 156.37
-4.29 -6.33 145.18
-3.88 -6.33 134.05
-3.47 -6.33 123.25
-3.06 -6.33 112.78
-2.65 -6.33 102.66
-2.24 -6.33 92.87
-1.84 -6.33 83.64
-1.43 -6.33 74.51
-1.02 -6.33 65.72
-0.61 -6.33 57.27
-0.2 -6.33 49.15
0.2 -6.33 41.55
0.61 -6.33 34.1
1.02 -6.33 26.98
1.43 -6.33 20.2
1.84 -6.33 13.75
2.24 -6.33 7.79
2.65 -6.33 2.01
3.06 -6.33 -3.44
3.47 -6.33 -8.54
3.88 -6.33 -13.32
4.29 -6.33 -17.75
4.69 -6.33 -21.76
5.1 -6.33 -25.53
5.51 -6.33 -28.96
5.92 -6.33 -32.06
6.33 -6.33 -34.83
6.73 -6.33 -37.2
7.14 -6.33 -39.3
7.55 -6.33 -41.06
7.96 -6.33 -42.49
8.37 -6.33 -43.58
8.78 -6.33 -44.33
9.18 -6.33 -44.75
9.59 -6.33 -44.84
10.0 -6.33 -44.59
-10.0 -5.92 320.04
-9.59 -5.92 304.73
-9.18 -5.92 289.75
-8.78 -5.92 275.46
-8.37 -5.92 261.15
-7.96 -5.92 247.17
-7.55 -5.92 233.53
-7.14 -5.92 220.23
-6.73 -5.92 207.26
-6.33 -5.92 194.93
-5.92 -5.92 182.63
-5.51 -5.92 170.66
-5.1 -5.92 159.03
-4.69 -5.92 147.73
-4.29 -5.92 137.03
-3.88 -5.92 126.4
-3.47 -5.92 116.11
-3.06 -5.92 106.15
-2.65 -5.92 96.53
-2.24 -5.92 87.24
-1.84 -5.92 78.5
-1.43 -5.92 69.88
-1.02 -5.92 61.6
-0.61 -5.92 53.65
-0.2 -5.92 46.03
0.2 -5.92 38.93
0.61 -5.92 31.98
1.02 -5.92 25.37
1.43 -5.92 19.09
1.84 -5.92 13.15
2.24 -5.92 7.68
2.65 -5.92 2.4
3.06 -5.92 -2.54
3.47 -5.92 -7.15
3.88 -5.92 -11.41
4.29 -5.92 -15.35
4.69 -5.92 -18.86
5.1 -5.92 -22.13
5.51 -5.92 -25.06
5.92 -5.92 -27.65
6.33 -5.92 -29.91
6.73 -5.92 -31.79
7.14 -5.92 -33.39
7.55 -5.92 -34.65
7.96 -5.92 -35.57
8.37 -5.92 -36.15
8.78 -5.92 -36.4
9.18 -5.92 -36.32
9.59 -5.92 -35.91
10.0 -5.92 -35.16
-10.0 -5.51 304.87
-9.59 -5.51 290.06
-9.18 -5.51 275.59
-8.78 -5.51 261.79
-8.37 -5.51 247.98
-7.96 -5.51 234.51
-7.55 -5.51 221.37
-7.14 -5.51 208.57
-6.73 -5.51 196.11
-6.33 -5.51 184.27
-5.92 -5.51 172.47
-5.51 -5.51 161.01
-5.1 -5.51 149.88
-4.69 -5.51 139.09
-4.29 -5.51 128.89
-3.88 -5.51 118.76
-3.47 -5.51 108.97
-3.06 -5.51 99.52
-2.65 -5.51 90.4
-2.24 -5.51 81.61
-1.84 -5.51 73.37
-1.43 -5.51 65.25
-1.02 -5.51 57.47
-0.61 -5.51 50.03
-0.2 -5.51 42.92
0.2 -5.51 36.3
0.61 -5.51 29.86
1.02 -5.51 23.75
1.43 -5.51 17.98
1.84 -5.51 12.54
2.24 -5.51 7.56
2.65 -5.51 2.79
3.06 -5.51 -1.65
3.47 -5.51 -5.75
3.88 -5.51 -9.51
4.29 -5.51 -12.94
4.69 -5.51 -15.96
5.1 -5.51 -18.72
5.51 -5.51 -21.15
5.92 -5.51 -23.24
6.33 -5.51 -25.0
6.73 -5.51 -26.38
7.14 -5.51 -27.47
7.55 -5.51 -28.23
7.96 -5.51 -28.65
8.37 -5.51 -28.73
8.78 -5.51 -28.47
9.18 -5.51 -27.9
9.59 -5.51 -26.98
10.0 -5.51 -25.73
-10.0 -5.1 289.7
-9.59 -5.1 275.4
-9.18 -5.1 261.43
-8.78 -5.1 248.12
-8.37 -5.1 234.82
-7.96 -5.1 221.85
-7.55 -5.1 209.22
-7.14 -5.1 196.92
-6.73 -5.1 184.96
-6.33 -5.1 173.62
-5.92 -5.1 162.32
-5.51 -5.1 151.36
-5.1 -5.1 140.74
-4.69 -5.1 130.45
-4.29 -5.1 120.74
-3.88 -5.1 111.12
-3.47 -5.1 101.83
-3.06 -5.1 92.88
-2.65 -5.1 84.27
-2.24 -5.1 75.99
-1.84 -5.1 68.24
-1.43 -5.1 60.62
-1.02 -5.1 53.35
-0.61 -5.1 46.41
-0.2 -5.1 39.8
0.2 -5.1 33.68
0.61 -5.1 27.74
1.02 -5.1 22.13
1.43 -5.1 16.87
1.84 -5.1 11.93
2.24 -5.1 7.45
2.65 -5.1 3.18
3.06 -5.1 -0.75
3.47 -5.1 -4.35
3.88 -5.1 -7.61
4.29 -5.1 -10.53
4.69 -5.1 -13.06
5.1 -5.1 -15.32
5.51 -5.1 -17.24
5.92 -5.1 -18.83
6.33 -5.1 -20.08
6.73 -5.1 -20.98
7.14 -5.1 -21.56
7.55 -5.1 -21.81
7.96 -5.1 -21.73
8.37 -5.1 -21.3
8.78 -5.1 -20.55
9.18 -5.1 -19.48
9.59 -5.1 -18.06
10.0 -5.1 -16.3
-10.0 -4.69 274.53
-9.59 -4.69 260.73
-9.18 -4.69 247.26
-8.78 -4.69 234.45
-8.37 -4.69 221.65
-7.96 -4.69 209.19
-7.55 -4.69 197.06
-7.14 -4.69 185.27
-6.73 -4.69 173.81
-6.33 -4.69 162.96
-5.92 -4.69 152.17
-5.51 -4.69 141.72
-5.1 -4.69 131.6
-4.69 -4.69 121.81
-4.29 -4.69 112.59
-3.88 -4.69 103.48
-3.47 -4.69 94.69
-3.06 -4.69 86.25
-2.65 -4.69 78.14
-2.24 -4.69 70.36
-1.84 -4.69 63.1
-1.43 -4.69 56.0
-1.02 -4.69 49.22
-0.61 -4.69 42.78
-0.2 -4.69 36.68
0.2 -4.69 31.06
0.61 -4.69 25.62
1.02 -4.69 20.52
1.43 -4.69 15.75
1.84 -4.69 11.33
2.24 -4.69 7.33
2.65 -4.69 3.57
3.06 -4.69 0.14
3.47 -4.69 -2.95
3.88 -4.69 -5.71
4.29 -4.69 -8.13
4.69 -4.69 -10.16
5.1 -4.69 -11.92
5.51 -4.69 -13.34
5.92 -4.69 -14.42
6.33 -4.69 -15.16
6.73 -4.69 -15.57
7.14 -4.69 -15.65
7.55 -4.69 -15.4
7.96 -4.69 -14.81
8.37 -4.69 -13.88
8.78 -4.69 -12.62
9.18 -4.69 -11.06
9.59 -4.69 -9.13
10.0 -4.69 -6.87
-10.0 -4.29 259.73
-9.59 -4.29 246.42
-9.18 -4.29 233.45
-8.78 -4.29 221.12
-8.37 -4.29 208.81
-7.96 -4.29 196.84
-7.55 -4.29 185.2
-7.14 -4.29 173.9
-6.73 -4.29 162.94
-6.33 -4.29 152.57
-5.92 -4.29 142.27
-5.51 -4.29 132.3
-5.1 -4.29 122.68
-4.69 -4.29 113.39
-4.29 -4.29 104.65
-3.88 -4.29 96.02
-3.47 -4.29 87.73
-3.06 -4.29 79.78
-2.65 -4.29 72.16
-2.24 -4.29 64.88
-1.84 -4.29 58.1
-1.43 -4.29 51.48
-1.02 -4.29 45.2
-0.61 -4.29 39.25
-0.2 -4.29 33.64
0.2 -4.29 28.5
0.61 -4.29 23.55
1.02 -4.29 18.94
1.43 -4.29 14.67
1.84 -4.29 10.73
2.24 -4.29 7.22
2.65 -4.29 3.95
3.06 -4.29 1.01
3.47 -4.29 -1.59
3.88 -4.29 -3.85
4.29 -4.29 -5.78
4.69 -4.29 -7.33
5.1 -4.29 -8.6
5.51 -4.29 -9.52
5.92 -4.29 -10.11
6.33 -4.29 -10.37
6.73 -4.29 -10.29
7.14 -4.29 -9.88
7.55 -4.29 -9.14
7.96 -4.29 -8.05
8.37 -4.29 -6.64
8.78 -4.29 -4.88
9.18 -4.29 -2.84
9.59 -4.29 -0.43
10.0 -4.29 2.33
-10.0 -3.88 244.56
-9.59 -3.88 231.76
-9.18 -3.88 219.29
-8.78 -3.88 207.45
-8.37 -3.88 195.64
-7.96 -3.88 184.18
-7.55 -3.88 173.04
-7.14 -3.88 162.25
-6.73 -3.88 151.79
-6.33 -3.88 141.91
-5.92 -3.88 132.12
-5.51 -3.88 122.66
-5.1 -3.88 113.53
-4.69 -3.88 104.75
-4.29 -3.88 96.5
-3.88 -3.88 88.38
-3.47 -3.88 80.59
-3.06 -3.88 73.14
-2.65 -3.88 66.03
-2.24 -3.88 59.25
-1.84 -3.88 52.96
-1.43 -3.88 46.85
-1.02 -3.88 41.07
-0.61 -3.88 35.63
-0.2 -3.88 30.53
0.2 -3.88 25.87
0.61 -3.88 21.43
1.02 -3.88 17.33
1.43 -3.88 13.56
1.84 -3.88 10.13
2.24 -3.88 7.1
2.65 -3.88 4.34
3.06 -3.88 1.91
3.47 -3.88 -0.19
3.88 -3.88 -1.95
4.29 -3.88 -3.37
4.69 -3.88 -4.44
5.1 -3.88 -5.19
5.51 -3.88 -5.62
5.92 -3.88 -5.7
6.33 -3.88 -5.45
6.73 -3.88 -4.88
7.14 -3.88 -3.97
7.55 -3.88 -2.72
7.96 -3.88 -1.13
8.37 -3.88 0.79
8.78 -3.88 3.05
9.18 -3.88 5.58
9.59 -3.88 8.5
10.0 -3.88 11.76
-10.0 -3.47 229.39
-9.59 -3.47 217.09
-9.18 -3.47 205.13
-8.78 -3.47 193.78
-8.37 -3.47 182.48
-7.96 -3.47 171.52
-7.55 -3.47 160.89
-7.14 -3.47 150.6
-6.73 -3.47 140.64
-6.33 -3.47 131.25
-5.92 -3.47 121.96
-5.51 -3.47 113.01
-5.1 -3.47 104.39
-4.69 -3.47 96.11
-4.29 -3.47 88.35
-3.88 -3.47 80.74
-3.47 -3.47 73.45
-3.06 -3.47 66.51
-2.65 -3.47 59.9
-2.24 -3.47 53.63
-1.84 -3.47 47.83
-1.43 -3.47 42.22
-1.02 -3.47 36.95
-0.61 -3.47 32.01
-0.2 -3.47 27.41
0.2 -3.47 23.25
0.61 -3.47 19.31
1.02 -3.47 15.71
1.43 -3.47 12.45
1.84 -3.47 9.52
2.24 -3.47 6.99
2.65 -3.47 4.73
3.06 -3.47 2.8
3.47 -3.47 1.21
3.88 -3.47 -0.05
4.29 -3.47 -0.96
4.69 -3.47 -1.54
5.1 -3.47 -1.79
5.51 -3.47 -1.71
5.92 -3.47 -1.29
6.33 -3.47 -0.54
6.73 -3.47 0.52
7.14 -3.47 1.94
7.55 -3.47 3.7
7.96 -3.47 5.79
8.37 -3.47 8.22
8.78 -3.47 10.98
9.18 -3.47 14.0
9.59 -3.47 17.43
10.0 -3.47 21.19
-10.0 -3.06 214.22
-9.59 -3.06 202.42
-9.18 -3.06 190.96
-8.78 -3.06 180.11
-8.37 -3.06 169.31
-7.96 -3.06 158.85
-7.55 -3.06 148.73
-7.14 -3.06 138.94
-6.73 -3.06 129.49
-6.33 -3.06 120.6
-5.92 -3.06 111.81
-5.51 -3.06 103.36
-5.1 -3.06 95.25
-4.69 -3.06 87.47
-4.29 -3.06 80.21
-3.88 -3.06 73.09
-3.47 -3.06 66.32
-3.06 -3.06 59.87
-2.65 -3.06 53.77
-2.24 -3.06 48.0
-1.84 -3.06 42.7
-1.43 -3.06 37.59
-1.02 -3.06 32.82
-0.61 -3.06 28.39
-0.2 -3.06 24.3
0.2 -3.06 20.62
0.61 -3.06 17.19
1.02 -3.06 14.1
1.43 -3.06 11.34
1.84 -3.06 8.91
2.24 -3.06 6.87
2.65 -3.06 5.12
3.06 -3.06 3.69
3.47 -3.06 2.61
3.88 -3.06 1.86
4.29 -3.06 1.44
4.69 -3.06 1.36
5.1 -3.06 1.61
5.51 -3.06 2.2
5.92 -3.06 3.12
6.33 -3.06 4.38
6.73 -3.06 5.93
7.14 -3.06 7.85
7.55 -3.06 10.11
7.96 -3.06 12.71
8.37 -3.06 15.64
8.78 -3.06 18.91
9.18 -3.06 22.42
9.59 -3.06 26.35
10.0 -3.06 30.62
-10.0 -2.65 199.05
-9.59 -2.65 187.76
-9.18 -2.65 176.8
-8.78 -2.65 166.44
-8.37 -2.65 156.15
-7.96 -2.65 146.19
-7.55 -2.65 136.57
-7.14 -2.65 127.29
-6.73 -2.65 118.35
-6.33 -2.65 109.94
-5.92 -2.65 101.66
-5.51 -2.65 93.71
-5.1 -2.65 86.1
-4.69 -2.65 78.83
-4.29 -2.65 72.06
-3.88 -2.65 65.45
-3.47 -2.65 59.18
-3.06 -2.65 53.24
-2.65 -2.65 47.64
-2.24 -2.65 42.38
-1.84 -2.65 37.56
-1.43 -2.65 32.96
-1.02 -2.65 28.7
-0.61 -2.65 24.77
-0.2 -2.65 21.18
0.2 -2.65 18.0
0.61 -2.65 15.07
1.02 -2.65 12.48
1.43 -2.65 10.23
1.84 -2.65 8.31
2.24 -2.65 6.76
2.65 -2.65 5.51
3.06 -2.65 4.59
3.47 -2.65 4.0
3.88 -2.65 3.76
4.29 -2.65 3.85
4.69 -2.65 4.26
5.1 -2.65 5.02
5.51 -2.65 6.11
5.92 -2.65 7.53
6.33 -2.65 9.3
6.73 -2.65 11.34
7.14 -2.65 13.77
7.55 -2.65 16.53
7.96 -2.65 19.63
8.37 -2.65 23.07
8.78 -2.65 26.84
9.18 -2.65 30.84
9.59 -2.65 35.28
10.0 -2.65 40.05
-10.0 -2.24 183.88
-9.59 -2.24 173.09
-9.18 -2.24 162.64
-8.78 -2.24 152.77
-8.37 -2.24 142.98
-7.96 -2.24 133.53
-7.55 -2.24 124.42
-7.14 -2.24 115.64
-6.73 -2.24 107.2
-6.33 -2.24 99.29
-5.92 -2.24 91.51
-5.51 -2.24 84.07
-5.1 -2.24 76.96
-4.69 -2.24 70.19
-4.29 -2.24 63.91
-3.88 -2.24 57.81
-3.47 -2.24 52.04
-3.06 -2.24 46.61
-2.65 -2.24 41.51
-2.24 -2.24 36.75
-1.84 -2.24 32.43
-1.43 -2.24 28.33
-1.02 -2.24 24.57
-0.61 -2.24 21.15
-0.2 -2.24 18.06
0.2 -2.24 15.38
0.61 -2.24 12.95
1.02 -2.24 10.87
1.43 -2.24 9.12
1.84 -2.24 7.7
2.24 -2.24 6.64
2.65 -2.24 5.89
3.06 -2.24 5.48
3.47 -2.24 5.4
3.88 -2.24 5.66
4.29 -2.24 6.26
4.69 -2.24 7.16
5.1 -2.24 8.42
5.51 -2.24 10.01
5.92 -2.24 11.94
6.33 -2.24 14.21
6.73 -2.24 16.75
7.14 -2.24 19.68
7.55 -2.24 22.95
7.96 -2.24 26.55
8.37 -2.24 30.49
8.78 -2.24 34.77
9.18 -2.24 39.26
9.59 -2.24 44.2
10.0 -2.24 49.48
-10.0 -1.84 169.08
-9.59 -1.84 158.78
-9.18 -1.84 148.83
-8.78 -1.84 139.43
-8.37 -1.84 130.14
-7.96 -1.84 121.18
-7.55 -1.84 112.56
-7.14 -1.84 104.27
-6.73 -1.84 96.32
-6.33 -1.84 88.89
-5.92 -1.84 81.6
-5.51 -1.84 74.66
-5.1 -1.84 68.04
-4.69 -1.84 61.76
-4.29 -1.84 55.96
-3.88 -1.84 50.35
-3.47 -1.84 45.08
-3.06 -1.84 40.13
-2.65 -1.84 35.53
-2.24 -1.84 31.26
-1.84 -1.84 27.42
-1.43 -1.84 23.82
-1.02 -1.84 20.55
-0.61 -1.84 17.62
-0.2 -1.84 15.02
0.2 -1.84 12.82
0.61 -1.84 10.88
1.02 -1.84 9.29
1.43 -1.84 8.03
1.84 -1.84 7.11
2.24 -1.84 6.53
2.65 -1.84 6.27
3.06 -1.84 6.35
3.47 -1.84 6.77
3.88 -1.84 7.52
4.29 -1.84 8.6
4.69 -1.84 9.99
5.1 -1.84 11.74
5.51 -1.84 13.82
5.92 -1.84 16.25
6.33 -1.84 19.01
6.73 -1.84 22.02
7.14 -1.84 25.45
7.55 -1.84 29.21
7.96 -1.84 33.3
8.37 -1.84 37.73
8.78 -1.84 42.5
9.18 -1.84 47.48
9.59 -1.84 52.91
10.0 -1.84 58.68
-10.0 -1.43 153.91
-9.59 -1.43 144.12
-9.18 -1.43 134.66
-8.78 -1.43 125.76
-8.37 -1.43 116.97
-7.96 -1.43 108.52
-7.55 -1.43 100.4
-7.14 -1.43 92.62
-6.73 -1.43 85.17
-6.33 -1.43 78.23
-5.92 -1.43 71.45
-5.51 -1.43 65.01
-5.1 -1.43 58.9
-4.69 -1.43 53.13
-4.29 -1.43 47.82
-3.88 -1.43 42.71
-3.47 -1.43 37.94
-3.06 -1.43 33.5
-2.65 -1.43 29.4
-2.24 -1.43 25.64
-1.84 -1.43 22.29
-1.43 -1.43 19.19
-1.02 -1.43 16.43
-0.61 -1.43 14.0
-0.2 -1.43 11.91
0.2 -1.43 10.19
0.61 -1.43 8.77
1.02 -1.43 7.67
1.43 -1.43 6.92
1.84 -1.43 6.5
2.24 -1.43 6.42
2.65 -1.43 6.66
3.06 -1.43 7.25
3.47 -1.43 8.16
3.88 -1.43 9.42
4.29 -1.43 11.01
4.69 -1.43 12.89
5.1 -1.43 15.14
5.51 -1.43 17.73
5.92 -1.43 20.66
6.33 -1.43 23.92
6.73 -1.43 27.43
7.14 -1.43 31.36
7.55 -1.43 35.62
7.96 -1.43 40.22
8.37 -1.43 45.16
8.78 -1.43 50.43
9.18 -1.43 55.9
9.59 -1.43 61.84
10.0 -1.43 68.11
-10.0 -1.02 138.74
-9.59 -1.02 129.45
-9.18 -1.02 120.5
-8.78 -1.02 112.1
-8.37 -1.02 103.81
-7.96 -1.02 95.86
-7.55 -1.02 88.25
-7.14 -1.02 80.97
-6.73 -1.02 74.03
-6.33 -1.02 67.58
-5.92 -1.02 61.3
-5.51 -1.02 55.36
-5.1 -1.02 49.76
-4.69 -1.02 44.49
-4.29 -1.02 39.67
-3.88 -1.02 35.07
-3.47 -1.02 30.8
-3.06 -1.02 26.87
-2.65 -1.02 23.27
-2.24 -1.02 20.01
-1.84 -1.02 17.16
-1.43 -1.02 14.56
-1.02 -1.02 12.3
-0.61 -1.02 10.38
-0.2 -1.02 8.79
0.2 -1.02 7.57
0.61 -1.02 6.65
1.02 -1.02 6.06
1.43 -1.02 5.81
1.84 -1.02 5.9
2.24 -1.02 6.3
2.65 -1.02 7.05
3.06 -1.02 8.14
3.47 -1.02 9.56
3.88 -1.02 11.32
4.29 -1.02 13.42
4.69 -1.02 15.78
5.1 -1.02 18.54
5.51 -1.02 21.64
5.92 -1.02 25.07
6.33 -1.02 28.84
6.73 -1.02 32.84
7.14 -1.02 37.27
7.55 -1.02 42.04
7.96 -1.02 47.14
8.37 -1.02 52.58
8.78 -1.02 58.36
9.18 -1.02 64.32
9.59 -1.02 70.76
10.0 -1.02 77.54
-10.0 -0.61 123.57
-9.59 -0.61 114.79
-9.18 -0.61 106.34
-8.78 -0.61 98.43
-8.37 -0.61 90.64
-7.96 -0.61 83.2
-7.55 -0.61 76.09
-7.14 -0.61 69.32
-6.73 -0.61 62.88
-6.33 -0.61 56.92
-5.92 -0.61 51.15
-5.51 -0.61 45.71
-5.1 -0.61 40.61
-4.69 -0.61 35.85
-4.29 -0.61 31.52
-3.88 -0.61 27.42
-3.47 -0.61 23.66
-3.06 -0.61 20.23
-2.65 -0.61 17.14
-2.24 -0.61 14.39
-1.84 -0.61 12.02
-1.43 -0.61 9.93
-1.02 -0.61 8.18
-0.61 -0.61 6.76
-0.2 -0.61 5.68
0.2 -0.61 4.94
0.61 -0.61 4.53
1.02 -0.61 4.44
1.43 -0.61 4.7
1.84 -0.61 5.29
2.24 -0.61 6.19
2.65 -0.61 7.44
3.06 -0.61 9.03
3.47 -0.61 10.96
3.88 -0.61 13.22
4.29 -0.61 15.82
4.69 -0.61 18.68
5.1 -0.61 21.95
5.51 -0.61 25.55
5.92 -0.61 29.48
6.33 -0.61 33.75
6.73 -0.61 38.25
7.14 -0.61 43.18
7.55 -0.61 48.46
7.96 -0.61 54.06
8.37 -0.61 60.01
8.78 -0.61 66.29
9.18 -0.61 72.74
9.59 -0.61 79.69
10.0 -0.61 86.97
-10.0 -0.2 108.4
-9.59 -0.2 100.12
-9.18 -0.2 92.18
-8.78 -0.2 84.76
-8.37 -0.2 77.48
-7.96 -0.2 70.54
-7.55 -0.2 63.93
-7.14 -0.2 57.66
-6.73 -0.2 51.73
-6.33 -0.2 46.27
-5.92 -0.2 41.0
-5.51 -0.2 36.07
-5.1 -0.2 31.47
-4.69 -0.2 27.21
-4.29 -0.2 23.38
-3.88 -0.2 19.78
-3.47 -0.2 16.52
-3.06 -0.2 13.6
-2.65 -0.2 11.01
-2.24 -0.2 8.76
-1.84 -0.2 6.89
-1.43 -0.2 5.3
-1.02 -0.2 4.05
-0.61 -0.2 3.14
-0.2 -0.2 2.56
0.2 -0.2 2.32
0.61 -0.2 2.41
1.02 -0.2 2.83
1.43 -0.2 3.59
1.84 -0.2 4.68
2.24 -0.2 6.07
2.65 -0.2 7.83
3.06 -0.2 9.93
3.47 -0.2 12.36
3.88 -0.2 15.13
4.29 -0.2 18.23
4.69 -0.2 21.58
5.1 -0.2 25.35
5.51 -0.2 29.45
5.92 -0.2 33.89
6.33 -0.2 38.67
6.73 -0.2 43.65
7.14 -0.2 49.1
7.55 -0.2 54.87
7.96 -0.2 60.99
8.37 -0.2 67.43
8.78 -0.2 74.22
9.18 -0.2 81.16
9.59 -0.2 88.61
10.0 -0.2 96.4
-10.0 0.2 93.6
-9.59 0.2 85.81
-9.18 0.2 78.36
-8.78 0.2 71.42
-8.37 0.2 64.63
-7.96 0.2 58.19
-7.55 0.2 52.07
-7.14 0.2 46.3
-6.73 0.2 40.85
-6.33 0.2 35.87
-5.92 0.2 31.09
-5.51 0.2 26.65
-5.1 0.2 22.55
-4.69 0.2 18.78
-4.29 0.2 15.43
-3.88 0.2 12.33
-3.47 0.2 9.56
-3.06 0.2 7.13
-2.65 0.2 5.03
-2.24 0.2 3.27
-1.84 0.2 1.88
-1.43 0.2 0.79
-1.02 0.2 0.03
-0.61 0.2 -0.39
-0.2 0.2 -0.48
0.2 0.2 -0.24
0.61 0.2 0.34
1.02 0.2 1.25
1.43 0.2 2.5
1.84 0.2 4.09
2.24 0.2 5.96
2.65 0.2 8.21
3.06 0.2 10.8
3.47 0.2 13.72
3.88 0.2 16.98
4.29 0.2 20.58
4.69 0.2 24.41
5.1 0.2 28.67
5.51 0.2 33.27
5.92 0.2 38.2
6.33 0.2 43.47
6.73 0.2 48.93
7.14 0.2 54.86
7.55 0.2 61.13
7.96 0.2 67.74
8.37 0.2 74.68
8.78 0.2 81.96
9.18 0.2 89.38
9.59 0.2 97.32
10.0 0.2 105.6
-10.0 0.61 78.43
-9.59 0.61 71.15
-9.18 0.61 64.2
-8.78 0.61 57.75
-8.37 0.61 51.47
-7.96 0.61 45.52
-7.55 0.61 39.92
-7.14 0.61 34.64
-6.73 0.61 29.71
-6.33 0.61 25.22
-5.92 0.61 20.94
-5.51 0.61 17.01
-5.1 0.61 13.41
-4.69 0.61 10.14
-4.29 0.61 7.28
-3.88 0.61 4.68
-3.47 0.61 2.42
-3.06 0.61 0.49
-2.65 0.61 -1.1
-2.24 0.61 -2.35
-1.84 0.61 -3.25
-1.43 0.61 -3.84
-1.02 0.61 -4.1
-0.61 0.61 -4.01
-0.2 0.61 -3.6
0.2 0.61 -2.86
0.61 0.61 -1.78
1.02 0.61 -0.36
1.43 0.61 1.39
1.84 0.61 3.48
2.24 0.61 5.85
2.65 0.61 8.6
3.06 0.61 11.69
3.47 0.61 15.12
3.88 0.61 18.88
4.29 0.61 22.98
4.69 0.61 27.31
5.1 0.61 32.07
5.51 0.61 37.17
5.92 0.61 42.61
6.33 0.61 48.38
6.73 0.61 54.34
7.14 0.61 60.78
7.55 0.61 67.55
7.96 0.61 74.66
8.37 0.61 82.1
8.78 0.61 89.89
9.18 0.61 97.8
9.59 0.61 106.25
10.0 0.61 115.03
-10.0 1.02 63.26
-9.59 1.02 56.48
-9.18 1.02 50.04
-8.78 1.02 44.08
-8.37 1.02 38.3
-7.96 1.02 32.86
-7.55 1.02 27.76
-7.14 1.02 22.99
-6.73 1.02 18.56
-6.33 1.02 14.56
-5.92 1.02 10.79
-5.51 1.02 7.36
-5.1 1.02 4.26
-4.69 1.02 1.5
-4.29 1.02 -0.86
-3.88 1.02 -2.96
-3.47 1.02 -4.72
-3.06 1.02 -6.14
-2.65 1.02 -7.23
-2.24 1.02 -7.98
-1.84 1.02 -8.38
-1.43 1.02 -8.47
-1.02 1.02 -8.22
-0.61 1.02 -7.63
-0.2 1.02 -6.71
0.2 1.02 -5.49
0.61 1.02 -3.9
1.02 1.02 -1.98
1.43 1.02 0.28
1.84 1.02 2.88
2.24 1.02 5.73
2.65 1.02 8.99
3.06 1.02 12.59
3.47 1.02 16.52
3.88 1.02 20.79
4.29 1.02 25.39
4.69 1.02 30.21
5.1 1.02 35.48
5.51 1.02 41.08
5.92 1.02 47.02
6.33 1.02 53.3
6.73 1.02 59.75
7.14 1.02 66.69
7.55 1.02 73.97
7.96 1.02 81.58
8.37 1.02 89.53
8.78 1.02 97.82
9.18 1.02 106.22
9.59 1.02 115.17
10.0 1.02 124.46
-10.0 1.43 48.09
-9.59 1.43 41.82
-9.18 1.43 35.88
-8.78 1.43 30.41
-8.37 1.43 25.14
-7.96 1.43 20.2
-7.55 1.43 15.6
-7.14 1.43 11.34
-6.73 1.43 7.41
-6.33 1.43 3.9
-5.92 1.43 0.64
-5.51 1.43 -2.29
-5.1 1.43 -4.88
-4.69 1.43 -7.13
-4.29 1.43 -9.01
-3.88 1.43 -10.6
-3.47 1.43 -11.86
-3.06 1.43 -12.77
-2.65 1.43 -13.36
-2.24 1.43 -13.6
-1.84 1.43 -13.52
-1.43 1.43 -13.1
-1.02 1.43 -12.35
-0.61 1.43 -11.25
-0.2 1.43 -9.83
0.2 1.43 -8.11
0.61 1.43 -6.02
1.02 1.43 -3.59
1.43 1.43 -0.83
1.84 1.43 2.27
2.24 1.43 5.62
2.65 1.43 9.38
3.06 1.43 13.48
3.47 1.43 17.92
3.88 1.43 22.69
4.29 1.43 27.8
4.69 1.43 33.11
5.1 1.43 38.88
5.51 1.43 44.99
5.92 1.43 51.43
6.33 1.43 58.21
6.73 1.43 65.15
7.14 1.43 72.6
7.55 1.43 80.38
7.96 1.43 88.5
8.37 1.43 96.95
8.78 1.43 105.74
9.18 1.43 114.64
9.59 1.43 124.1
10.0 1.43 133.89
-10.0 1.84 32.92
-9.59 1.84 27.15
-9.18 1.84 21.72
-8.78 1.84 16.74
-8.37 1.84 11.97
-7.96 1.84 7.54
-7.55 1.84 3.45
-7.14 1.84 -0.31
-6.73 1.84 -3.74
-6.33 1.84 -6.75
-5.92 1.84 -9.51
-5.51 1.84 -11.94
-5.1 1.84 -14.02
-4.69 1.84 -15.77
-4.29 1.84 -17.16
-3.88 1.84 -18.24
-3.47 1.84 -18.99
-3.06 1.84 -19.41
-2.65 1.84 -19.49
-2.24 1.84 -19.23
-1.84 1.84 -18.65
-1.43 1.84 -17.73
-1.02 1.84 -16.47
-0.61 1.84 -14.88
-0.2 1.84 -12.94
0.2 1.84 -10.74
0.61 1.84 -8.14
1.02 1.84 -5.21
1.43 1.84 -1.94
1.84 1.84 1.66
2.24 1.84 5.5
2.65 1.84 9.77
3.06 1.84 14.37
3.47 1.84 19.32
3.88 1.84 24.59
4.29 1.84 30.2
4.69 1.84 36.0
5.1 1.84 42.28
5.51 1.84 48.9
5.92 1.84 55.84
6.33 1.84 63.13
6.73 1.84 70.56
7.14 1.84 78.51
7.55 1.84 86.8
7.96 1.84 95.42
8.37 1.84 104.38
8.78 1.84 113.67
9.18 1.84 123.07
9.59 1.84 133.02
10.0 1.84 143.32
-10.0 2.24 18.12
-9.59 2.24 12.84
-9.18 2.24 7.9
-8.78 2.24 3.41
-8.37 2.24 -0.87
-7.96 2.24 -4.81
-7.55 2.24 -8.41
-7.14 2.24 -11.68
-6.73 2.24 -14.61
-6.33 2.24 -17.15
-5.92 2.24 -19.42
-5.51 2.24 -21.35
-5.1 2.24 -22.94
-4.69 2.24 -24.2
-4.29 2.24 -25.1
-3.88 2.24 -25.7
-3.47 2.24 -25.96
-3.06 2.24 -25.88
-2.65 2.24 -25.47
-2.24 2.24 -24.72
-1.84 2.24 -23.66
-1.43 2.24 -22.24
-1.02 2.24 -20.49
-0.61 2.24 -18.41
-0.2 2.24 -15.98
0.2 2.24 -13.3
0.61 2.24 -10.21
1.02 2.24 -6.79
1.43 2.24 -3.03
1.84 2.24 1.07
2.24 2.24 5.39
2.65 2.24 10.15
3.06 2.24 15.25
3.47 2.24 20.68
3.88 2.24 26.45
4.29 2.24 32.55
4.69 2.24 38.83
5.1 2.24 45.6
5.51 2.24 52.71
5.92 2.24 60.15
6.33 2.24 67.93
6.73 2.24 75.84
7.14 2.24 84.28
7.55 2.24 93.06
7.96 2.24 102.17
8.37 2.24 111.62
8.78 2.24 121.41
9.18 2.24 131.28
9.59 2.24 141.73
10.0 2.24 152.52
-10.0 2.65 2.95
-9.59 2.65 -1.82
-9.18 2.65 -6.26
-8.78 2.65 -10.26
-8.37 2.65 -14.03
-7.96 2.65 -17.47
-7.55 2.65 -20.57
-7.14 2.65 -23.33
-6.73 2.65 -25.76
-6.33 2.65 -27.8
-5.92 2.65 -29.57
-5.51 2.65 -30.99
-5.1 2.65 -32.08
-4.69 2.65 -32.84
-4.29 2.65 -33.25
-3.88 2.65 -33.34
-3.47 2.65 -33.1
-3.06 2.65 -32.51
-2.65 2.65 -31.6
-2.24 2.65 -30.34
-1.84 2.65 -28.79
-1.43 2.65 -26.87
-1.02 2.65 -24.62
-0.61 2.65 -22.03
-0.2 2.65 -19.1
0.2 2.65 -15.92
0.61 2.65 -12.33
1.02 2.65 -8.4
1.43 2.65 -4.14
1.84 2.65 0.46
2.24 2.65 5.28
2.65 2.65 10.54
3.06 2.65 16.14
3.47 2.65 22.08
3.88 2.65 28.35
4.29 2.65 34.96
4.69 2.65 41.73
5.1 2.65 49.0
5.51 2.65 56.61
5.92 2.65 64.56
6.33 2.65 72.84
6.73 2.65 81.25
7.14 2.65 90.19
7.55 2.65 99.48
7.96 2.65 109.09
8.37 2.65 119.05
8.78 2.65 129.34
9.18 2.65 139.7
9.59 2.65 150.66
10.0 2.65 161.95
-10.0 3.06 -12.22
-9.59 3.06 -16.49
-9.18 3.06 -20.42
-8.78 3.06 -23.93
-8.37 3.06 -27.2
-7.96 3.06 -30.13
-7.55 3.06 -32.73
-7.14 3.06 -34.99
-6.73 3.06 -36.91
-6.33 3.06 -38.46
-5.92 3.06 -39.72
-5.51 3.06 -40.64
-5.1 3.06 -41.23
-4.69 3.06 -41.48
-4.29 3.06 -41.4
-3.88 3.06 -40.98
-3.47 3.06 -40.23
-3.06 3.06 -39.15
-2.65 3.06 -37.72
-2.24 3.06 -35.97
-1.84 3.06 -33.93
-1.43 3.06 -31.5
-1.02 3.06 -28.74
-0.61 3.06 -25.65
-0.2 3.06 -22.22
0.2 3.06 -18.54
0.61 3.06 -14.45
1.02 3.06 -10.02
1.43 3.06 -5.25
1.84 3.06 -0.14
2.24 3.06 5.16
2.65 3.06 10.93
3.06 3.06 17.03
3.47 3.06 23.48
3.88 3.06 30.25
4.29 3.06 37.37
4.69 3.06 44.63
5.1 3.06 52.41
5.51 3.06 60.52
5.92 3.06 68.97
6.33 3.06 77.76
6.73 3.06 86.65
7.14 3.06 96.1
7.55 3.06 105.89
7.96 3.06 116.01
8.37 3.06 126.47
8.78 3.06 137.27
9.18 3.06 148.12
9.59 3.06 159.58
10.0 3.06 171.38
-10.0 3.47 -27.39
-9.59 3.47 -31.15
-9.18 3.47 -34.58
-8.78 3.47 -37.6
-8.37 3.47 -40.36
-7.96 3.47 -42.79
-7.55 3.47 -44.88
-7.14 3.47 -46.64
-6.73 3.47 -48.06
-6.33 3.47 -49.12
-5.92 3.47 -49.87
-5.51 3.47 -50.29
-5.1 3.47 -50.37
-4.69 3.47 -50.12
-4.29 3.47 -49.54
-3.88 3.47 -48.63
-3.47 3.47 -47.37
-3.06 3.47 -45.78
-2.65 3.47 -43.85
-2.24 3.47 -41.59
-1.84 3.47 -39.06
-1.43 3.47 -36.13
-1.02 3.47 -32.87
-0.61 3.47 -29.27
-0.2 3.47 -25.33
0.2 3.47 -21.17
0.61 3.47 -16.57
1.02 3.47 -11.63
1.43 3.47 -6.36
1.84 3.47 -0.75
2.24 3.47 5.05
2.65 3.47 11.32
3.06 3.47 17.93
3.47 3.47 24.87
3.88 3.47 32.16
4.29 3.47 39.77
4.69 3.47 47.53
5.1 3.47 55.81
5.51 3.47 64.43
5.92 3.47 73.38
6.33 3.47 82.67
6.73 3.47 92.06
7.14 3.47 102.02
7.55 3.47 112.31
7.96 3.47 122.94
8.37 3.47 133.9
8.78 3.47 145.2
9.18 3.47 156.55
9.59 3.47 168.51
10.0 3.47 180.81
-10.0 3.88 -42.56
-9.59 3.88 -45.82
-9.18 3.88 -48.74
-8.78 3.88 -51.27
-8.37 3.88 -53.53
-7.96 3.88 -55.45
-7.55 3.88 -57.04
-7.14 3.88 -58.29
-6.73 3.88 -59.2
-6.33 3.88 -59.77
-5.92 3.88 -60.02
-5.51 3.88 -59.94
-5.1 3.88 -59.51
-4.69 3.88 -58.76
-4.29 3.88 -57.69
-3.88 3.88 -56.27
-3.47 3.88 -54.51
-3.06 3.88 -52.41
-2.65 3.88 -49.98
-2.24 3.88 -47.22
-1.84 3.88 -44.19
-1.43 3.88 -40.76
-1.02 3.88 -36.99
-0.61 3.88 -32.89
-0.2 3.88 -28.45
0.2 3.88 -23.79
0.61 3.88 -18.69
1.02 3.88 -13.25
1.43 3.88 -7.47
1.84 3.88 -1.36
2.24 3.88 4.93
2.65 3.88 11.71
3.06 3.88 18.82
3.47 3.88 26.27
3.88 3.88 34.06
4.29 3.88 42.18
4.69 3.88 50.43
5.1 3.88 59.21
5.51 3.88 68.34
5.92 3.88 77.8
6.33 3.88 87.59
6.73 3.88 97.47
7.14 3.88 107.93
7.55 3.88 118.72
7.96 3.88 129.86
8.37 3.88 141.32
8.78 3.88 153.13
9.18 3.88 164.97
9.59 3.88 177.44
10.0 3.88 190.24
-10.0 4.29 -57.73
-9.59 4.29 -60.49
-9.18 4.29 -62.9
-8.78 4.29 -64.94
-8.37 4.29 -66.7
-7.96 4.29 -68.11
-7.55 4.29 -69.2
-7.14 4.29 -69.94
-6.73 4.29 -70.35
-6.33 4.29 -70.43
-5.92 4.29 -70.17
-5.51 4.29 -69.58
-5.1 4.29 -68.66
-4.69 4.29 -67.39
-4.29 4.29 -65.84
-3.88 4.29 -63.91
-3.47 4.29 -61.65
-3.06 4.29 -59.05
-2.65 4.29 -56.11
-2.24 4.29 -52.84
-1.84 4.29 -49.33
-1.43 4.29 -45.39
-1.02 4.29 -41.12
-0.61 4.29 -36.51
-0.2 4.29 -31.56
0.2 4.29 -26.42
0.61 4.29 -20.81
1.02 4.29 -14.86
1.43 4.29 -8.58
1.84 4.29 -1.96
2.24 4.29 4.82
2.65 4.29 12.1
3.06 4.29 19.72
3.47 4.29 27.67
3.88 4.29 35.96
4.29 4.29 44.59
4.69 4.29 53.33
5.1 4.29 62.62
5.51 4.29 72.24
5.92 4.29 82.21
6.33 4.29 92.51
6.73 4.29 102.88
7.14 4.29 113.84
7.55 4.29 125.14
7.96 4.29 136.78
8.37 4.29 148.75
8.78 4.29 161.06
9.18 4.29 173.39
9.59 4.29 186.36
10.0 4.29 199.67
-10.0 4.69 -72.53
-9.59 4.69 -74.79
-9.18 4.69 -76.72
-8.78 4.69 -78.28
-8.37 4.69 -79.54
-7.96 4.69 -80.47
-7.55 4.69 -81.06
-7.14 4.69 -81.31
-6.73 4.69 -81.23
-6.33 4.69 -80.82
-5.92 4.69 -80.08
-5.51 4.69 -79.0
-5.1 4.69 -77.58
-4.69 4.69 -75.82
-4.29 4.69 -73.79
-3.88 4.69 -71.37
-3.47 4.69 -68.61
-3.06 4.69 -65.52
-2.65 4.69 -62.09
-2.24 4.69 -58.33
-1.84 4.69 -54.33
-1.43 4.69 -49.91
-1.02 4.69 -45.14
-0.61 4.69 -40.04
-0.2 4.69 -34.6
0.2 4.69 -28.98
0.61 4.69 -22.88
1.02 4.69 -16.44
1.43 4.69 -9.67
1.84 4.69 -2.56
2.24 4.69 4.7
2.65 4.69 12.48
3.06 4.69 20.59
3.47 4.69 29.03
3.88 4.69 37.82
4.29 4.69 46.93
4.69 4.69 56.15
5.1 4.69 65.94
5.51 4.69 76.06
5.92 4.69 86.51
6.33 4.69 97.3
6.73 4.69 108.15
7.14 4.69 119.61
7.55 4.69 131.4
7.96 4.69 143.53
8.37 4.69 155.99
8.78 4.69 168.79
9.18 4.69 181.6
9.59 4.69 195.07
10.0 4.69 208.87
-10.0 5.1 -87.7
-9.59 5.1 -89.46
-9.18 5.1 -90.88
-8.78 5.1 -91.95
-8.37 5.1 -92.7
-7.96 5.1 -93.13
-7.55 5.1 -93.21
-7.14 5.1 -92.96
-6.73 5.1 -92.38
-6.33 5.1 -91.48
-5.92 5.1 -90.23
-5.51 5.1 -88.64
-5.1 5.1 -86.72
-4.69 5.1 -84.46
-4.29 5.1 -81.93
-3.88 5.1 -79.01
-3.47 5.1 -75.75
-3.06 5.1 -72.15
-2.65 5.1 -68.22
-2.24 5.1 -63.95
-1.84 5.1 -59.47
-1.43 5.1 -54.53
-1.02 5.1 -49.27
-0.61 5.1 -43.66
-0.2 5.1 -37.72
0.2 5.1 -31.6
0.61 5.1 -24.99
1.02 5.1 -18.05
1.43 5.1 -10.78
1.84 5.1 -3.16
2.24 5.1 4.59
2.65 5.1 12.87
3.06 5.1 21.48
3.47 5.1 30.43
3.88 5.1 39.72
4.29 5.1 49.34
4.69 5.1 59.05
5.1 5.1 69.34
5.51 5.1 79.96
5.92 5.1 90.92
6.33 5.1 102.22
6.73 5.1 113.56
7.14 5.1 125.52
7.55 5.1 137.82
7.96 5.1 150.45
8.37 5.1 163.42
8.78 5.1 176.72
9.18 5.1 190.03
9.59 5.1 204.0
10.0 5.1 218.3
-10.0 5.51 -102.87
-9.59 5.51 -104.12
-9.18 5.51 -105.04
-8.78 5.51 -105.61
-8.37 5.51 -105.87
-7.96 5.51 -105.79
-7.55 5.51 -105.37
-7.14 5.51 -104.61
-6.73 5.51 -103.52
-6.33 5.51 -102.14
-5.92 5.51 -100.38
-5.51 5.51 -98.29
-5.1 5.51 -95.86
-4.69 5.51 -93.1
-4.29 5.51 -90.08
-3.88 5.51 -86.65
-3.47 5.51 -82.89
-3.06 5.51 -78.79
-2.65 5.51 -74.35
-2.24 5.51 -69.58
-1.84 5.51 -64.6
-1.43 5.51 -59.16
-1.02 5.51 -53.39
-0.61 5.51 -47.28
-0.2 5.51 -40.84
0.2 5.51 -34.22
0.61 5.51 -27.11
1.02 5.51 -19.67
1.43 5.51 -11.89
1.84 5.51 -3.77
2.24 5.51 4.47
2.65 5.51 13.26
3.06 5.51 22.38
3.47 5.51 31.83
3.88 5.51 41.62
4.29 5.51 51.75
4.69 5.51 61.95
5.1 5.51 72.74
5.51 5.51 83.87
5.92 5.51 95.33
6.33 5.51 107.13
6.73 5.51 118.97
7.14 5.51 131.43
7.55 5.51 144.23
7.96 5.51 157.37
8.37 5.51 170.84
8.78 5.51 184.65
9.18 5.51 198.45
9.59 5.51 212.92
10.0 5.51 227.73
-10.0 5.92 -118.04
-9.59 5.92 -118.79
-9.18 5.92 -119.2
-8.78 5.92 -119.28
-8.37 5.92 -119.03
-7.96 5.92 -118.45
-7.55 5.92 -117.53
-7.14 5.92 -116.27
-6.73 5.92 -114.67
-6.33 5.92 -112.79
-5.92 5.92 -110.53
-5.51 5.92 -107.94
-5.1 5.92 -105.01
-4.69 5.92 -101.74
-4.29 5.92 -98.23
-3.88 5.92 -94.29
-3.47 5.92 -90.03
-3.06 5.92 -85.42
-2.65 5.92 -80.48
-2.24 5.92 -75.2
-1.84 5.92 -69.73
-1.43 5.92 -63.79
-1.02 5.92 -57.51
-0.61 5.92 -50.9
-0.2 5.92 -43.95
0.2 5.92 -36.85
0.61 5.92 -29.23
1.02 5.92 -21.28
1.43 5.92 -13.0
1.84 5.92 -4.38
2.24 5.92 4.36
2.65 5.92 13.65
3.06 5.92 23.27
3.47 5.92 33.23
3.88 5.92 43.52
4.29 5.92 54.15
4.69 5.92 64.85
5.1 5.92 76.15
5.51 5.92 87.78
5.92 5.92 99.75
6.33 5.92 112.05
6.73 5.92 124.38
7.14 5.92 137.35
7.55 5.92 150.65
7.96 5.92 164.29
8.37 5.92 178.27
8.78 5.92 192.58
9.18 5.92 206.87
9.59 5.92 221.85
10.0 5.92 237.16
-10.0 6.33 -133.21
-9.59 6.33 -133.46
-9.18 6.33 -133.37
-8.78 6.33 -132.95
-8.37 6.33 -132.2
-7.96 6.33 -131.11
-7.55 6.33 -129.68
-7.14 6.33 -127.92
-6.73 6.33 -125.82
-6.33 6.33 -123.45
-5.92 6.33 -120.68
-5.51 6.33 -117.58
-5.1 6.33 -114.15
-4.69 6.33 -110.38
-4.29 6.33 -106.37
-3.88 6.33 -101.94
-3.47 6.33 -97.16
-3.06 6.33 -92.06
-2.65 6.33 -86.61
-2.24 6.33 -80.83
-1.84 6.33 -74.87
-1.43 6.33 -68.42
-1.02 6.33 -61.64
-0.61 6.33 -54.52
-0.2 6.33 -47.07
0.2 6.33 -39.47
0.61 6.33 -31.35
1.02 6.33 -22.9
1.43 6.33 -14.11
1.84 6.33 -4.98
2.24 6.33 4.25
2.65 6.33 14.04
3.06 6.33 24.16
3.47 6.33 34.63
3.88 6.33 45.43
4.29 6.33 56.56
4.69 6.33 67.75
5.1 6.33 79.55
5.51 6.33 91.68
5.92 6.33 104.16
6.33 6.33 116.97
6.73 6.33 129.79
7.14 6.33 143.26
7.55 6.33 157.07
7.96 6.33 171.21
8.37 6.33 185.69
8.78 6.33 200.51
9.18 6.33 215.29
9.59 6.33 230.77
10.0 6.33 246.59
-10.0 6.73 -148.01
-9.59 6.73 -147.76
-9.18 6.73 -147.18
-8.78 6.73 -146.29
-8.37 6.73 -145.04
-7.96 6.73 -143.46
-7.55 6.73 -141.54
-7.14 6.73 -139.29
-6.73 6.73 -136.7
-6.33 6.73 -133.84
-5.92 6.73 -130.59
-5.51 6.73 -127.0
-5.1 6.73 -123.07
-4.69 6.73 -118.8
-4.29 6.73 -114.32
-3.88 6.73 -109.39
-3.47 6.73 -104.13
-3.06 6.73 -98.53
-2.65 6.73 -92.59
-2.24 6.73 -86.32
-1.84 6.73 -79.87
-1.43 6.73 -72.94
-1.02 6.73 -65.66
-0.61 6.73 -58.05
-0.2 6.73 -50.11
0.2 6.73 -42.03
0.61 6.73 -33.42
1.02 6.73 -24.48
1.43 6.73 -15.19
1.84 6.73 -5.57
2.24 6.73 4.13
2.65 6.73 14.42
3.06 6.73 25.04
3.47 6.73 35.99
3.88 6.73 47.28
4.29 6.73 58.91
4.69 6.73 70.58
5.1 6.73 82.87
5.51 6.73 95.5
5.92 6.73 108.46
6.33 6.73 121.76
6.73 6.73 135.06
7.14 6.73 149.03
7.55 6.73 163.33
7.96 6.73 177.96
8.37 6.73 192.94
8.78 6.73 208.25
9.18 6.73 223.51
9.59 6.73 239.48
10.0 6.73 255.79
-10.0 7.14 -163.18
-9.59 7.14 -162.43
-9.18 7.14 -161.34
-8.78 7.14 -159.96
-8.37 7.14 -158.21
-7.96 7.14 -156.12
-7.55 7.14 -153.7
-7.14 7.14 -150.94
-6.73 7.14 -147.84
-6.33 7.14 -144.5
-5.92 7.14 -140.74
-5.51 7.14 -136.64
-5.1 7.14 -132.21
-4.69 7.14 -127.44
-4.29 7.14 -122.47
-3.88 7.14 -117.04
-3.47 7.14 -111.27
-3.06 7.14 -105.16
-2.65 7.14 -98.72
-2.24 7.14 -91.94
-1.84 7.14 -85.01
-1.43 7.14 -77.57
-1.02 7.14 -69.79
-0.61 7.14 -61.67
-0.2 7.14 -53.22
0.2 7.14 -44.66
0.61 7.14 -35.54
1.02 7.14 -26.09
1.43 7.14 -16.3
1.84 7.14 -6.18
2.24 7.14 4.02
2.65 7.14 14.81
3.06 7.14 25.93
3.47 7.14 37.39
3.88 7.14 49.18
4.29 7.14 61.32
4.69 7.14 73.48
5.1 7.14 86.27
5.51 7.14 99.4
5.92 7.14 112.87
6.33 7.14 126.68
6.73 7.14 140.47
7.14 7.14 154.94
7.55 7.14 169.74
7.96 7.14 184.88
8.37 7.14 200.36
8.78 7.14 216.18
9.18 7.14 231.93
9.59 7.14 248.41
10.0 7.14 265.22
-10.0 7.55 -178.35
-9.59 7.55 -177.1
-9.18 7.55 -175.5
-8.78 7.55 -173.63
-8.37 7.55 -171.37
-7.96 7.55 -168.78
-7.55 7.55 -165.86
-7.14 7.55 -162.59
-6.73 7.55 -158.99
-6.33 7.55 -155.16
-5.92 7.55 -150.89
-5.51 7.55 -146.29
-5.1 7.55 -141.35
-4.69 7.55 -136.08
-4.29 7.55 -130.61
-3.88 7.55 -124.68
-3.47 7.55 -118.4
-3.06 7.55 -111.8
-2.65 7.55 -104.85
-2.24 7.55 -97.57
-1.84 7.55 -90.14
-1.43 7.55 -82.19
-1.02 7.55 -73.91
-0.61 7.55 -65.29
-0.2 7.55 -56.34
0.2 7.55 -47.28
0.61 7.55 -37.66
1.02 7.55 -27.71
1.43 7.55 -17.42
1.84 7.55 -6.79
2.24 7.55 3.9
2.65 7.55 15.19
3.06 7.55 26.82
3.47 7.55 38.79
3.88 7.55 51.09
4.29 7.55 63.72
4.69 7.55 76.37
5.1 7.55 89.67
5.51 7.55 103.31
5.92 7.55 117.28
6.33 7.55 131.59
6.73 7.55 145.88
7.14 7.55 160.85
7.55 7.55 176.16
7.96 7.55 191.81
8.37 7.55 207.79
8.78 7.55 224.11
9.18 7.55 240.35
9.59 7.55 257.33
10.0 7.55 274.65
-10.0 7.96 -193.52
-9.59 7.96 -191.76
-9.18 7.96 -189.67
-8.78 7.96 -187.3
-8.37 7.96 -184.54
-7.96 7.96 -181.44
-7.55 7.96 -178.01
-7.14 7.96 -174.24
-6.73 7.96 -170.14
-6.33 7.96 -165.81
-5.92 7.96 -161.04
-5.51 7.96 -155.94
-5.1 7.96 -150.5
-4.69 7.96 -144.72
-4.29 7.96 -138.76
-3.88 7.96 -132.32
-3.47 7.96 -125.54
-3.06 7.96 -118.43
-2.65 7.96 -110.98
-2.24 7.96 -103.19
-1.84 7.96 -95.27
-1.43 7.96 -86.82
-1.02 7.96 -78.04
-0.61 7.96 -68.91
-0.2 7.96 -59.46
0.2 7.96 -49.9
0.61 7.96 -39.78
1.02 7.96 -29.32
1.43 7.96 -18.53
1.84 7.96 -7.4
2.24 7.96 3.79
2.65 7.96 15.58
3.06 7.96 27.72
3.47 7.96 40.18
3.88 7.96 52.99
4.29 7.96 66.13
4.69 7.96 79.27
5.1 7.96 93.08
5.51 7.96 107.22
5.92 7.96 121.7
6.33 7.96 136.51
6.73 7.96 151.29
7.14 7.96 166.76
7.55 7.96 182.58
7.96 7.96 198.73
8.37 7.96 215.21
8.78 7.96 232.03
9.18 7.96 248.77
9.59 7.96 266.26
10.0 7.96 284.08
-10.0 8.37 -208.69
-9.59 8.37 -206.43
-9.18 8.37 -203.83
-8.78 8.37 -200.97
-8.37 8.37 -197.7
-7.96 8.37 -194.1
-7.55 8.37 -190.17
-7.14 8.37 -185.9
-6.73 8.37 -181.29
-6.33 8.37 -176.47
-5.92 8.37 -171.19
-5.51 8.37 -165.59
-5.1 8.37 -159.64
-4.69 8.37 -153.36
-4.29 8.37 -146.91
-3.88 8.37 -139.96
-3.47 8.37 -132.68
-3.06 8.37 -125.06
-2.65 8.37 -117.11
-2.24 8.37 -108.82
-1.84 8.37 -100.41
-1.43 8.37 -91.45
-1.02 8.37 -82.16
-0.61 8.37 -72.54
-0.2 8.37 -62.57
0.2 8.37 -52.53
0.61 8.37 -41.9
1.02 8.37 -30.94
1.43 8.37 -19.64
1.84 8.37 -8.0
2.24 8.37 3.67
2.65 8.37 15.97
3.06 8.37 28.61
3.47 8.37 41.58
3.88 8.37 54.89
4.29 8.37 68.54
4.69 8.37 82.17
5.1 8.37 96.48
5.51 8.37 111.13
5.92 8.37 126.11
6.33 8.37 141.43
6.73 8.37 156.69
7.14 8.37 172.68
7.55 8.37 188.99
7.96 8.37 205.65
8.37 8.37 222.64
8.78 8.37 239.96
9.18 8.37 257.19
9.59 8.37 275.18
10.0 8.37 293.51
-10.0 8.78 -223.86
-9.59 8.78 -221.09
-9.18 8.78 -217.99
-8.78 8.78 -214.64
-8.37 8.78 -210.87
-7.96 8.78 -206.76
-7.55 8.78 -202.32
-7.14 8.78 -197.55
-6.73 8.78 -192.44
-6.33 8.78 -187.12
-5.92 8.78 -181.35
-5.51 8.78 -175.23
-5.1 8.78 -168.78
-4.69 8.78 -162.0
-4.29 8.78 -155.05
-3.88 8.78 -147.6
-3.47 8.78 -139.82
-3.06 8.78 -131.7
-2.65 8.78 -123.24
-2.24 8.78 -114.44
-1.84 8.78 -105.54
-1.43 8.78 -96.08
-1.02 8.78 -86.29
-0.61 8.78 -76.16
-0.2 8.78 -65.69
0.2 8.78 -55.15
0.61 8.78 -44.02
1.02 8.78 -32.55
1.43 8.78 -20.75
1.84 8.78 -8.61
2.24 8.78 3.56
2.65 8.78 16.36
3.06 8.78 29.5
3.47 8.78 42.98
3.88 8.78 56.79
4.29 8.78 70.94
4.69 8.78 85.07
5.1 8.78 99.88
5.51 8.78 115.03
5.92 8.78 130.52
6.33 8.78 146.34
6.73 8.78 162.1
7.14 8.78 178.59
7.55 8.78 195.41
7.96 8.78 212.57
8.37 8.78 230.06
8.78 8.78 247.89
9.18 8.78 265.61
9.59 8.78 284.11
10.0 8.78 302.94
-10.0 9.18 -238.66
-9.59 9.18 -235.4
-9.18 9.18 -231.8
-8.78 9.18 -227.97
-8.37 9.18 -223.71
-7.96 9.18 -219.12
-7.55 9.18 -214.18
-7.14 9.18 -208.92
-6.73 9.18 -203.31
-6.33 9.18 -197.52
-5.92 9.18 -191.25
-5.51 9.18 -184.65
-5.1 9.18 -177.7
-4.69 9.18 -170.43
-4.29 9.18 -163.0
-3.88 9.18 -155.06
-3.47 9.18 -146.78
-3.06 9.18 -138.17
-2.65 9.18 -129.22
-2.24 9.18 -119.93
-1.84 9.18 -110.55
-1.43 9.18 -100.6
-1.02 9.18 -90.31
-0.61 9.18 -79.69
-0.2 9.18 -68.73
0.2 9.18 -57.71
0.61 9.18 -46.09
1.02 9.18 -34.13
1.43 9.18 -21.83
1.84 9.18 -9.2
2.24 9.18 3.45
2.65 9.18 16.74
3.06 9.18 30.38
3.47 9.18 44.34
3.88 9.18 58.65
4.29 9.18 73.29
4.69 9.18 87.9
5.1 9.18 103.2
5.51 9.18 118.85
5.92 9.18 134.82
6.33 9.18 151.14
6.73 9.18 167.38
7.14 9.18 184.36
7.55 9.18 201.67
7.96 9.18 219.32
8.37 9.18 237.31
8.78 9.18 255.63
9.18 9.18 273.83
9.59 9.18 292.82
10.0 9.18 312.14
-10.0 9.59 -253.83
-9.59 9.59 -250.07
-9.18 9.59 -245.97
-8.78 9.59 -241.64
-8.37 9.59 -236.88
-7.96 9.59 -231.78
-7.55 9.59 -226.34
-7.14 9.59 -220.57
-6.73 9.59 -214.46
-6.33 9.59 -208.18
-5.92 9.59 -201.4
-5.51 9.59 -194.29
-5.1 9.59 -186.85
-4.69 9.59 -179.07
-4.29 9.59 -171.15
-3.88 9.59 -162.7
-3.47 9.59 -153.92
-3.06 9.59 -144.8
-2.65 9.59 -135.35
-2.24 9.59 -125.56
-1.84 9.59 -115.68
-1.43 9.59 -105.23
-1.02 9.59 -94.44
-0.61 9.59 -83.31
-0.2 9.59 -71.84
0.2 9.59 -60.34
0.61 9.59 -48.21
1.02 9.59 -35.74
1.43 9.59 -22.94
1.84 9.59 -9.81
2.24 9.59 3.33
2.65 9.59 17.13
3.06 9.59 31.27
3.47 9.59 45.74
3.88 9.59 60.55
4.29 9.59 75.7
4.69 9.59 90.8
5.1 9.59 106.61
5.51 9.59 122.75
5.92 9.59 139.23
6.33 9.59 156.05
6.73 9.59 172.79
7.14 9.59 190.27
7.55 9.59 208.09
7.96 9.59 226.24
8.37 9.59 244.73
8.78 9.59 263.56
9.18 9.59 282.25
9.59 9.59 301.74
10.0 9.59 321.57
-10.0 10.0 -269.0
-9.59 10.0 -264.73
-9.18 10.0 -260.13
-8.78 10.0 -255.31
-8.37 10.0 -250.04
-7.96 10.0 -244.44
-7.55 10.0 -238.5
-7.14 10.0 -232.22
-6.73 10.0 -225.61
-6.33 10.0 -218.83
-5.92 10.0 -211.55
-5.51 10.0 -203.94
-5.1 10.0 -195.99
-4.69 10.0 -187.7
-4.29 10.0 -179.3
-3.88 10.0 -170.35
-3.47 10.0 -161.06
-3.06 10.0 -151.44
-2.65 10.0 -141.48
-2.24 10.0 -131.18
-1.84 10.0 -120.81
-1.43 10.0 -109.86
-1.02 10.0 -98.56
-0.61 10.0 -86.93
-0.2 10.0 -74.96
0.2 10.0 -62.96
0.61 10.0 -50.33
1.02 10.0 -37.36
1.43 10.0 -24.06
1.84 10.0 -10.41
2.24 10.0 3.22
2.65 10.0 17.52
3.06 10.0 32.16
3.47 10.0 47.14
3.88 10.0 62.45
4.29 10.0 78.1
4.69 10.0 93.7
5.1 10.0 110.01
5.51 10.0 126.66
5.92 10.0 143.65
6.33 10.0 160.97
6.73 10.0 178.19
7.14 10.0 196.18
7.55 10.0 214.5
7.96 10.0 233.16
8.37 10.0 252.16
8.78 10.0 271.49
9.18 10.0 290.67
9.59 10.0 310.67
10.0 10.0 331.0
