2 100 -5 17 2500
-1.0 -1.0 12.0
-0.96 -1.0 11.8
-0.92 -1.0 11.61
-0.88 -1.0 11.41
-0.84 -1.0 11.23
-0.8 -1.0 11.04
-0.76 -1.0 10.86
-0.71 -1.0 10.63
-0.67 -1.0 10.46
-0.63 -1.0 10.29
-0.59 -1.0 10.12
-0.55 -1.0 9.95
-0.51 -1.0 9.79
-0.47 -1.0 9.63
-0.43 -1.0 9.47
-0.39 -1.0 9.32
-0.35 -1.0 9.17
-0.31 -1.0 9.03
-0.27 -1.0 8.88
-0.22 -1.0 8.71
-0.18 -1.0 8.57
-0.14 -1.0 8.44
-0.1 -1.0 8.31
-0.06 -1.0 8.18
-0.02 -1.0 8.06
0.02 -1.0 7.94
0.06 -1.0 7.82
0.1 -1.0 7.71
0.14 -1.0 7.6
0.18 -1.0 7.49
0.22 -1.0 7.39
0.27 -1.0 7.26
0.31 -1.0 7.17
0.35 -1.0 7.07
0.39 -1.0 6.98
0.43 -1.0 6.89
0.47 -1.0 6.81
0.51 -1.0 6.73
0.55 -1.0 6.65
0.59 -1.0 6.58
0.63 -1.0 6.51
0.67 -1.0 6.44
0.71 -1.0 6.37
0.76 -1.0 6.3
0.8 -1.0 6.24
0.84 -1.0 6.19
0.88 -1.0 6.13
0.92 -1.0 6.09
0.96 -1.0 6.04
1.0 -1.0 6.0
-1.0 -0.96 11.6
-0.96 -0.96 11.41
-0.92 -0.96 11.22
-0.88 -0.96 11.03
-0.84 -0.96 10.84
-0.8 -0.96 10.66
-0.76 -0.96 10.49
-0.71 -0.96 10.27
-0.67 -0.96 10.1
-0.63 -0.96 9.93
-0.59 -0.96 9.77
-0.55 -0.96 9.61
-0.51 -0.96 9.45
-0.47 -0.96 9.29
-0.43 -0.96 9.14
-0.39 -0.96 9.0
-0.35 -0.96 8.85
-0.31 -0.96 8.71
-0.27 -0.96 8.57
-0.22 -0.96 8.4
-0.18 -0.96 8.27
-0.14 -0.96 8.14
-0.1 -0.96 8.02
-0.06 -0.96 7.9
-0.02 -0.96 7.78
0.02 -0.96 7.66
0.06 -0.96 7.55
0.1 -0.96 7.44
0.14 -0.96 7.34
0.18 -0.96 7.23
0.22 -0.96 7.13
0.27 -0.96 7.02
0.31 -0.96 6.92
0.35 -0.96 6.83
0.39 -0.96 6.75
0.43 -0.96 6.67
0.47 -0.96 6.59
0.51 -0.96 6.51
0.55 -0.96 6.44
0.59 -0.96 6.37
0.63 -0.96 6.3
0.67 -0.96 6.24
0.71 -0.96 6.18
0.76 -0.96 6.11
0.8 -0.96 6.06
0.84 -0.96 6.01
0.88 -0.96 5.96
0.92 -0.96 5.92
0.96 -0.96 5.88
1.0 -0.96 5.84
-1.0 -0.92 11.2
-0.96 -0.92 11.01
-0.92 -0.92 10.83
-0.88 -0.92 10.64
-0.84 -0.92 10.46
-0.8 -0.92 10.29
-0.76 -0.92 10.12
-0.71 -0.92 9.9
-0.67 -0.92 9.74
-0.63 -0.92 9.58
-0.59 -0.92 9.42
-0.55 -0.92 9.26
-0.51 -0.92 9.11
-0.47 -0.92 8.96
-0.43 -0.92 8.81
-0.39 -0.92 8.67
-0.35 -0.92 8.53
-0.31 -0.92 8.39
-0.27 -0.92 8.26
-0.22 -0.92 8.1
-0.18 -0.92 7.97
-0.14 -0.92 7.85
-0.1 -0.92 7.73
-0.06 -0.92 7.61
-0.02 -0.92 7.5
0.02 -0.92 7.39
0.06 -0.92 7.28
0.1 -0.92 7.17
0.14 -0.92 7.07
0.18 -0.92 6.98
0.22 -0.92 6.88
0.27 -0.92 6.77
0.31 -0.92 6.68
0.35 -0.92 6.6
0.39 -0.92 6.52
0.43 -0.92 6.44
0.47 -0.92 6.36
0.51 -0.92 6.29
0.55 -0.92 6.22
0.59 -0.92 6.16
0.63 -0.92 6.1
0.67 -0.92 6.04
0.71 -0.92 5.98
0.76 -0.92 5.92
0.8 -0.92 5.87
0.84 -0.92 5.83
0.88 -0.92 5.79
0.92 -0.92 5.75
0.96 -0.92 5.71
1.0 -0.92 5.68
-1.0 -0.88 10.8
-0.96 -0.88 10.62
-0.92 -0.88 10.44
-0.88 -0.88 10.26
-0.84 -0.88 10.08
-0.8 -0.88 9.91
-0.76 -0.88 9.74
-0.71 -0.88 9.54
-0.67 -0.88 9.38
-0.63 -0.88 9.22
-0.59 -0.88 9.07
-0.55 -0.88 8.91
-0.51 -0.88 8.77
-0.47 -0.88 8.62
-0.43 -0.88 8.48
-0.39 -0.88 8.34
-0.35 -0.88 8.21
-0.31 -0.88 8.07
-0.27 -0.88 7.95
-0.22 -0.88 7.79
-0.18 -0.88 7.67
-0.14 -0.88 7.55
-0.1 -0.88 7.43
-0.06 -0.88 7.32
-0.02 -0.88 7.21
0.02 -0.88 7.11
0.06 -0.88 7.01
0.1 -0.88 6.91
0.14 -0.88 6.81
0.18 -0.88 6.72
0.22 -0.88 6.63
0.27 -0.88 6.52
0.31 -0.88 6.44
0.35 -0.88 6.36
0.39 -0.88 6.28
0.43 -0.88 6.21
0.47 -0.88 6.14
0.51 -0.88 6.07
0.55 -0.88 6.01
0.59 -0.88 5.95
0.63 -0.88 5.89
0.67 -0.88 5.84
0.71 -0.88 5.79
0.76 -0.88 5.73
0.8 -0.88 5.69
0.84 -0.88 5.65
0.88 -0.88 5.61
0.92 -0.88 5.58
0.96 -0.88 5.55
1.0 -0.88 5.52
-1.0 -0.84 10.4
-0.96 -0.84 10.22
-0.92 -0.84 10.04
-0.88 -0.84 9.87
-0.84 -0.84 9.7
-0.8 -0.84 9.54
-0.76 -0.84 9.37
-0.71 -0.84 9.17
-0.67 -0.84 9.02
-0.63 -0.84 8.86
-0.59 -0.84 8.71
-0.55 -0.84 8.57
-0.51 -0.84 8.43
-0.47 -0.84 8.29
-0.43 -0.84 8.15
-0.39 -0.84 8.01
-0.35 -0.84 7.88
-0.31 -0.84 7.76
-0.27 -0.84 7.63
-0.22 -0.84 7.48
-0.18 -0.84 7.37
-0.14 -0.84 7.25
-0.1 -0.84 7.14
-0.06 -0.84 7.03
-0.02 -0.84 6.93
0.02 -0.84 6.83
0.06 -0.84 6.73
0.1 -0.84 6.64
0.14 -0.84 6.55
0.18 -0.84 6.46
0.22 -0.84 6.37
0.27 -0.84 6.27
0.31 -0.84 6.19
0.35 -0.84 6.12
0.39 -0.84 6.05
0.43 -0.84 5.98
0.47 -0.84 5.92
0.51 -0.84 5.85
0.55 -0.84 5.8
0.59 -0.84 5.74
0.63 -0.84 5.69
0.67 -0.84 5.64
0.71 -0.84 5.59
0.76 -0.84 5.54
0.8 -0.84 5.5
0.84 -0.84 5.47
0.88 -0.84 5.44
0.92 -0.84 5.41
0.96 -0.84 5.38
1.0 -0.84 5.36
-1.0 -0.8 10.0
-0.96 -0.8 9.83
-0.92 -0.8 9.65
-0.88 -0.8 9.49
-0.84 -0.8 9.32
-0.8 -0.8 9.16
-0.76 -0.8 9.0
-0.71 -0.8 8.81
-0.67 -0.8 8.66
-0.63 -0.8 8.51
-0.59 -0.8 8.36
-0.55 -0.8 8.22
-0.51 -0.8 8.08
-0.47 -0.8 7.95
-0.43 -0.8 7.82
-0.39 -0.8 7.69
-0.35 -0.8 7.56
-0.31 -0.8 7.44
-0.27 -0.8 7.32
-0.22 -0.8 7.18
-0.18 -0.8 7.06
-0.14 -0.8 6.96
-0.1 -0.8 6.85
-0.06 -0.8 6.75
-0.02 -0.8 6.65
0.02 -0.8 6.55
0.06 -0.8 6.46
0.1 -0.8 6.37
0.14 -0.8 6.28
0.18 -0.8 6.2
0.22 -0.8 6.12
0.27 -0.8 6.02
0.31 -0.8 5.95
0.35 -0.8 5.88
0.39 -0.8 5.82
0.43 -0.8 5.75
0.47 -0.8 5.69
0.51 -0.8 5.64
0.55 -0.8 5.58
0.59 -0.8 5.53
0.63 -0.8 5.48
0.67 -0.8 5.44
0.71 -0.8 5.4
0.76 -0.8 5.35
0.8 -0.8 5.32
0.84 -0.8 5.29
0.88 -0.8 5.26
0.92 -0.8 5.24
0.96 -0.8 5.22
1.0 -0.8 5.2
-1.0 -0.76 9.6
-0.96 -0.76 9.43
-0.92 -0.76 9.26
-0.88 -0.76 9.1
-0.84 -0.76 8.94
-0.8 -0.76 8.78
-0.76 -0.76 8.63
-0.71 -0.76 8.44
-0.67 -0.76 8.3
-0.63 -0.76 8.15
-0.59 -0.76 8.01
-0.55 -0.76 7.88
-0.51 -0.76 7.74
-0.47 -0.76 7.61
-0.43 -0.76 7.49
-0.39 -0.76 7.36
-0.35 -0.76 7.24
-0.31 -0.76 7.12
-0.27 -0.76 7.01
-0.22 -0.76 6.87
-0.18 -0.76 6.76
-0.14 -0.76 6.66
-0.1 -0.76 6.56
-0.06 -0.76 6.46
-0.02 -0.76 6.37
0.02 -0.76 6.27
0.06 -0.76 6.19
0.1 -0.76 6.1
0.14 -0.76 6.02
0.18 -0.76 5.94
0.22 -0.76 5.87
0.27 -0.76 5.78
0.31 -0.76 5.71
0.35 -0.76 5.64
0.39 -0.76 5.58
0.43 -0.76 5.52
0.47 -0.76 5.47
0.51 -0.76 5.42
0.55 -0.76 5.37
0.59 -0.76 5.32
0.63 -0.76 5.28
0.67 -0.76 5.24
0.71 -0.76 5.21
0.76 -0.76 5.16
0.8 -0.76 5.14
0.84 -0.76 5.11
0.88 -0.76 5.09
0.92 -0.76 5.07
0.96 -0.76 5.05
1.0 -0.76 5.04
-1.0 -0.71 9.1
-0.96 -0.71 8.94
-0.92 -0.71 8.78
-0.88 -0.71 8.62
-0.84 -0.71 8.46
-0.8 -0.71 8.31
-0.76 -0.71 8.17
-0.71 -0.71 7.99
-0.67 -0.71 7.85
-0.63 -0.71 7.71
-0.59 -0.71 7.57
-0.55 -0.71 7.44
-0.51 -0.71 7.32
-0.47 -0.71 7.19
-0.43 -0.71 7.07
-0.39 -0.71 6.95
-0.35 -0.71 6.84
-0.31 -0.71 6.73
-0.27 -0.71 6.62
-0.22 -0.71 6.49
-0.18 -0.71 6.39
-0.14 -0.71 6.29
-0.1 -0.71 6.19
-0.06 -0.71 6.1
-0.02 -0.71 6.01
0.02 -0.71 5.93
0.06 -0.71 5.85
0.1 -0.71 5.77
0.14 -0.71 5.69
0.18 -0.71 5.62
0.22 -0.71 5.55
0.27 -0.71 5.47
0.31 -0.71 5.41
0.35 -0.71 5.35
0.39 -0.71 5.29
0.43 -0.71 5.24
0.47 -0.71 5.19
0.51 -0.71 5.14
0.55 -0.71 5.1
0.59 -0.71 5.06
0.63 -0.71 5.02
0.67 -0.71 4.99
0.71 -0.71 4.96
0.76 -0.71 4.93
0.8 -0.71 4.91
0.84 -0.71 4.89
0.88 -0.71 4.87
0.92 -0.71 4.86
0.96 -0.71 4.85
1.0 -0.71 4.84
-1.0 -0.67 8.7
-0.96 -0.67 8.54
-0.92 -0.67 8.39
-0.88 -0.67 8.23
-0.84 -0.67 8.08
-0.8 -0.67 7.94
-0.76 -0.67 7.8
-0.71 -0.67 7.62
-0.67 -0.67 7.49
-0.63 -0.67 7.35
-0.59 -0.67 7.22
-0.55 -0.67 7.1
-0.51 -0.67 6.98
-0.47 -0.67 6.86
-0.43 -0.67 6.74
-0.39 -0.67 6.63
-0.35 -0.67 6.52
-0.31 -0.67 6.41
-0.27 -0.67 6.31
-0.22 -0.67 6.18
-0.18 -0.67 6.08
-0.14 -0.67 5.99
-0.1 -0.67 5.9
-0.06 -0.67 5.81
-0.02 -0.67 5.73
0.02 -0.67 5.65
0.06 -0.67 5.57
0.1 -0.67 5.5
0.14 -0.67 5.43
0.18 -0.67 5.36
0.22 -0.67 5.3
0.27 -0.67 5.22
0.31 -0.67 5.16
0.35 -0.67 5.11
0.39 -0.67 5.06
0.43 -0.67 5.01
0.47 -0.67 4.97
0.51 -0.67 4.93
0.55 -0.67 4.89
0.59 -0.67 4.85
0.63 -0.67 4.82
0.67 -0.67 4.79
0.71 -0.67 4.77
0.76 -0.67 4.74
0.8 -0.67 4.72
0.84 -0.67 4.71
0.88 -0.67 4.7
0.92 -0.67 4.69
0.96 -0.67 4.68
1.0 -0.67 4.68
-1.0 -0.63 8.3
-0.96 -0.63 8.15
-0.92 -0.63 8.0
-0.88 -0.63 7.85
-0.84 -0.63 7.7
-0.8 -0.63 7.56
-0.76 -0.63 7.42
-0.71 -0.63 7.26
-0.67 -0.63 7.13
-0.63 -0.63 7.0
-0.59 -0.63 6.87
-0.55 -0.63 6.75
-0.51 -0.63 6.63
-0.47 -0.63 6.52
-0.43 -0.63 6.41
-0.39 -0.63 6.3
-0.35 -0.63 6.19
-0.31 -0.63 6.09
-0.27 -0.63 5.99
-0.22 -0.63 5.87
-0.18 -0.63 5.78
-0.14 -0.63 5.69
-0.1 -0.63 5.61
-0.06 -0.63 5.53
-0.02 -0.63 5.45
0.02 -0.63 5.37
0.06 -0.63 5.3
0.1 -0.63 5.23
0.14 -0.63 5.16
0.18 -0.63 5.1
0.22 -0.63 5.04
0.27 -0.63 4.97
0.31 -0.63 4.92
0.35 -0.63 4.87
0.39 -0.63 4.82
0.43 -0.63 4.78
0.47 -0.63 4.74
0.51 -0.63 4.71
0.55 -0.63 4.67
0.59 -0.63 4.64
0.63 -0.63 4.62
0.67 -0.63 4.59
0.71 -0.63 4.57
0.76 -0.63 4.55
0.8 -0.63 4.54
0.84 -0.63 4.53
0.88 -0.63 4.52
0.92 -0.63 4.52
0.96 -0.63 4.52
1.0 -0.63 4.52
-1.0 -0.59 7.9
-0.96 -0.59 7.75
-0.92 -0.59 7.6
-0.88 -0.59 7.46
-0.84 -0.59 7.32
-0.8 -0.59 7.19
-0.76 -0.59 7.05
-0.71 -0.59 6.89
-0.67 -0.59 6.76
-0.63 -0.59 6.64
-0.59 -0.59 6.52
-0.55 -0.59 6.41
-0.51 -0.59 6.29
-0.47 -0.59 6.18
-0.43 -0.59 6.08
-0.39 -0.59 5.97
-0.35 -0.59 5.87
-0.31 -0.59 5.77
-0.27 -0.59 5.68
-0.22 -0.59 5.57
-0.18 -0.59 5.48
-0.14 -0.59 5.4
-0.1 -0.59 5.32
-0.06 -0.59 5.24
-0.02 -0.59 5.17
0.02 -0.59 5.1
0.06 -0.59 5.03
0.1 -0.59 4.96
0.14 -0.59 4.9
0.18 -0.59 4.84
0.22 -0.59 4.79
0.27 -0.59 4.72
0.31 -0.59 4.68
0.35 -0.59 4.63
0.39 -0.59 4.59
0.43 -0.59 4.55
0.47 -0.59 4.52
0.51 -0.59 4.49
0.55 -0.59 4.46
0.59 -0.59 4.43
0.63 -0.59 4.41
0.67 -0.59 4.39
0.71 -0.59 4.38
0.76 -0.59 4.36
0.8 -0.59 4.35
0.84 -0.59 4.35
0.88 -0.59 4.35
0.92 -0.59 4.35
0.96 -0.59 4.35
1.0 -0.59 4.36
-1.0 -0.55 7.5
-0.96 -0.55 7.36
-0.92 -0.55 7.21
-0.88 -0.55 7.08
-0.84 -0.55 6.94
-0.8 -0.55 6.81
-0.76 -0.55 6.68
-0.71 -0.55 6.53
-0.67 -0.55 6.4
-0.63 -0.55 6.29
-0.59 -0.55 6.17
-0.55 -0.55 6.06
-0.51 -0.55 5.95
-0.47 -0.55 5.85
-0.43 -0.55 5.74
-0.39 -0.55 5.65
-0.35 -0.55 5.55
-0.31 -0.55 5.46
-0.27 -0.55 5.37
-0.22 -0.55 5.26
-0.18 -0.55 5.18
-0.14 -0.55 5.1
-0.1 -0.55 5.03
-0.06 -0.55 4.95
-0.02 -0.55 4.88
0.02 -0.55 4.82
0.06 -0.55 4.75
0.1 -0.55 4.7
0.14 -0.55 4.64
0.18 -0.55 4.59
0.22 -0.55 4.54
0.27 -0.55 4.48
0.31 -0.55 4.43
0.35 -0.55 4.4
0.39 -0.55 4.36
0.43 -0.55 4.33
0.47 -0.55 4.3
0.51 -0.55 4.27
0.55 -0.55 4.24
0.59 -0.55 4.22
0.63 -0.55 4.21
0.67 -0.55 4.19
0.71 -0.55 4.18
0.76 -0.55 4.17
0.8 -0.55 4.17
0.84 -0.55 4.17
0.88 -0.55 4.17
0.92 -0.55 4.18
0.96 -0.55 4.19
1.0 -0.55 4.2
-1.0 -0.51 7.1
-0.96 -0.51 6.96
-0.92 -0.51 6.82
-0.88 -0.51 6.69
-0.84 -0.51 6.56
-0.8 -0.51 6.43
-0.76 -0.51 6.31
-0.71 -0.51 6.16
-0.67 -0.51 6.04
-0.63 -0.51 5.93
-0.59 -0.51 5.82
-0.55 -0.51 5.71
-0.51 -0.51 5.61
-0.47 -0.51 5.51
-0.43 -0.51 5.41
-0.39 -0.51 5.32
-0.35 -0.51 5.23
-0.31 -0.51 5.14
-0.27 -0.51 5.06
-0.22 -0.51 4.96
-0.18 -0.51 4.88
-0.14 -0.51 4.8
-0.1 -0.51 4.73
-0.06 -0.51 4.67
-0.02 -0.51 4.6
0.02 -0.51 4.54
0.06 -0.51 4.48
0.1 -0.51 4.43
0.14 -0.51 4.38
0.18 -0.51 4.33
0.22 -0.51 4.28
0.27 -0.51 4.23
0.31 -0.51 4.19
0.35 -0.51 4.16
0.39 -0.51 4.13
0.43 -0.51 4.1
0.47 -0.51 4.07
0.51 -0.51 4.05
0.55 -0.51 4.03
0.59 -0.51 4.02
0.63 -0.51 4.0
0.67 -0.51 3.99
0.71 -0.51 3.99
0.76 -0.51 3.98
0.8 -0.51 3.99
0.84 -0.51 3.99
0.88 -0.51 4.0
0.92 -0.51 4.01
0.96 -0.51 4.02
1.0 -0.51 4.04
-1.0 -0.47 6.7
-0.96 -0.47 6.57
-0.92 -0.47 6.43
-0.88 -0.47 6.31
-0.84 -0.47 6.18
-0.8 -0.47 6.06
-0.76 -0.47 5.94
-0.71 -0.47 5.8
-0.67 -0.47 5.68
-0.63 -0.47 5.58
-0.59 -0.47 5.47
-0.55 -0.47 5.37
-0.51 -0.47 5.27
-0.47 -0.47 5.17
-0.43 -0.47 5.08
-0.39 -0.47 4.99
-0.35 -0.47 4.91
-0.31 -0.47 4.82
-0.27 -0.47 4.74
-0.22 -0.47 4.65
-0.18 -0.47 4.58
-0.14 -0.47 4.51
-0.1 -0.47 4.44
-0.06 -0.47 4.38
-0.02 -0.47 4.32
0.02 -0.47 4.26
0.06 -0.47 4.21
0.1 -0.47 4.16
0.14 -0.47 4.11
0.18 -0.47 4.07
0.22 -0.47 4.03
0.27 -0.47 3.98
0.31 -0.47 3.95
0.35 -0.47 3.92
0.39 -0.47 3.89
0.43 -0.47 3.87
0.47 -0.47 3.85
0.51 -0.47 3.83
0.55 -0.47 3.82
0.59 -0.47 3.81
0.63 -0.47 3.8
0.67 -0.47 3.79
0.71 -0.47 3.79
0.76 -0.47 3.8
0.8 -0.47 3.8
0.84 -0.47 3.81
0.88 -0.47 3.82
0.92 -0.47 3.84
0.96 -0.47 3.86
1.0 -0.47 3.88
-1.0 -0.43 6.3
-0.96 -0.43 6.17
-0.92 -0.43 6.04
-0.88 -0.43 5.92
-0.84 -0.43 5.8
-0.8 -0.43 5.68
-0.76 -0.43 5.57
-0.71 -0.43 5.43
-0.67 -0.43 5.32
-0.63 -0.43 5.22
-0.59 -0.43 5.12
-0.55 -0.43 5.02
-0.51 -0.43 4.93
-0.47 -0.43 4.84
-0.43 -0.43 4.75
-0.39 -0.43 4.67
-0.35 -0.43 4.58
-0.31 -0.43 4.51
-0.27 -0.43 4.43
-0.22 -0.43 4.34
-0.18 -0.43 4.27
-0.14 -0.43 4.21
-0.1 -0.43 4.15
-0.06 -0.43 4.09
-0.02 -0.43 4.04
0.02 -0.43 3.98
0.06 -0.43 3.94
0.1 -0.43 3.89
0.14 -0.43 3.85
0.18 -0.43 3.81
0.22 -0.43 3.77
0.27 -0.43 3.73
0.31 -0.43 3.71
0.35 -0.43 3.68
0.39 -0.43 3.66
0.43 -0.43 3.64
0.47 -0.43 3.62
0.51 -0.43 3.61
0.55 -0.43 3.6
0.59 -0.43 3.6
0.63 -0.43 3.59
0.67 -0.43 3.59
0.71 -0.43 3.6
0.76 -0.43 3.61
0.8 -0.43 3.62
0.84 -0.43 3.63
0.88 -0.43 3.65
0.92 -0.43 3.67
0.96 -0.43 3.69
1.0 -0.43 3.72
-1.0 -0.39 5.9
-0.96 -0.39 5.77
-0.92 -0.39 5.65
-0.88 -0.39 5.53
-0.84 -0.39 5.42
-0.8 -0.39 5.31
-0.76 -0.39 5.2
-0.71 -0.39 5.06
-0.67 -0.39 4.96
-0.63 -0.39 4.86
-0.59 -0.39 4.77
-0.55 -0.39 4.68
-0.51 -0.39 4.59
-0.47 -0.39 4.5
-0.43 -0.39 4.42
-0.39 -0.39 4.34
-0.35 -0.39 4.26
-0.31 -0.39 4.19
-0.27 -0.39 4.12
-0.22 -0.39 4.04
-0.18 -0.39 3.97
-0.14 -0.39 3.91
-0.1 -0.39 3.86
-0.06 -0.39 3.8
-0.02 -0.39 3.75
0.02 -0.39 3.71
0.06 -0.39 3.66
0.1 -0.39 3.62
0.14 -0.39 3.59
0.18 -0.39 3.55
0.22 -0.39 3.52
0.27 -0.39 3.49
0.31 -0.39 3.46
0.35 -0.39 3.44
0.39 -0.39 3.43
0.43 -0.39 3.41
0.47 -0.39 3.4
0.51 -0.39 3.39
0.55 -0.39 3.39
0.59 -0.39 3.39
0.63 -0.39 3.39
0.67 -0.39 3.4
0.71 -0.39 3.4
0.76 -0.39 3.42
0.8 -0.39 3.43
0.84 -0.39 3.45
0.88 -0.39 3.47
0.92 -0.39 3.5
0.96 -0.39 3.53
1.0 -0.39 3.56
-1.0 -0.35 5.5
-0.96 -0.35 5.38
-0.92 -0.35 5.26
-0.88 -0.35 5.15
-0.84 -0.35 5.04
-0.8 -0.35 4.93
-0.76 -0.35 4.83
-0.71 -0.35 4.7
-0.67 -0.35 4.6
-0.63 -0.35 4.51
-0.59 -0.35 4.42
-0.55 -0.35 4.33
-0.51 -0.35 4.25
-0.47 -0.35 4.16
-0.43 -0.35 4.09
-0.39 -0.35 4.01
-0.35 -0.35 3.94
-0.31 -0.35 3.87
-0.27 -0.35 3.81
-0.22 -0.35 3.73
-0.18 -0.35 3.67
-0.14 -0.35 3.62
-0.1 -0.35 3.56
-0.06 -0.35 3.52
-0.02 -0.35 3.47
0.02 -0.35 3.43
0.06 -0.35 3.39
0.1 -0.35 3.35
0.14 -0.35 3.32
0.18 -0.35 3.29
0.22 -0.35 3.27
0.27 -0.35 3.24
0.31 -0.35 3.22
0.35 -0.35 3.2
0.39 -0.35 3.19
0.43 -0.35 3.18
0.47 -0.35 3.18
0.51 -0.35 3.17
0.55 -0.35 3.18
0.59 -0.35 3.18
0.63 -0.35 3.19
0.67 -0.35 3.2
0.71 -0.35 3.21
0.76 -0.35 3.23
0.8 -0.35 3.25
0.84 -0.35 3.27
0.88 -0.35 3.3
0.92 -0.35 3.33
0.96 -0.35 3.36
1.0 -0.35 3.4
-1.0 -0.31 5.1
-0.96 -0.31 4.98
-0.92 -0.31 4.87
-0.88 -0.31 4.76
-0.84 -0.31 4.66
-0.8 -0.31 4.55
-0.76 -0.31 4.45
-0.71 -0.31 4.33
-0.67 -0.31 4.24
-0.63 -0.31 4.15
-0.59 -0.31 4.07
-0.55 -0.31 3.98
-0.51 -0.31 3.9
-0.47 -0.31 3.83
-0.43 -0.31 3.75
-0.39 -0.31 3.68
-0.35 -0.31 3.62
-0.31 -0.31 3.55
-0.27 -0.31 3.49
-0.22 -0.31 3.42
-0.18 -0.31 3.37
-0.14 -0.31 3.32
-0.1 -0.31 3.27
-0.06 -0.31 3.23
-0.02 -0.31 3.19
0.02 -0.31 3.15
0.06 -0.31 3.12
0.1 -0.31 3.09
0.14 -0.31 3.06
0.18 -0.31 3.04
0.22 -0.31 3.01
0.27 -0.31 2.99
0.31 -0.31 2.98
0.35 -0.31 2.97
0.39 -0.31 2.96
0.43 -0.31 2.96
0.47 -0.31 2.95
0.51 -0.31 2.96
0.55 -0.31 2.96
0.59 -0.31 2.97
0.63 -0.31 2.98
0.67 -0.31 3.0
0.71 -0.31 3.01
0.76 -0.31 3.04
0.8 -0.31 3.07
0.84 -0.31 3.09
0.88 -0.31 3.13
0.92 -0.31 3.16
0.96 -0.31 3.2
1.0 -0.31 3.24
-1.0 -0.27 4.7
-0.96 -0.27 4.59
-0.92 -0.27 4.48
-0.88 -0.27 4.38
-0.84 -0.27 4.28
-0.8 -0.27 4.18
-0.76 -0.27 4.08
-0.71 -0.27 3.97
-0.67 -0.27 3.88
-0.63 -0.27 3.8
-0.59 -0.27 3.72
-0.55 -0.27 3.64
-0.51 -0.27 3.56
-0.47 -0.27 3.49
-0.43 -0.27 3.42
-0.39 -0.27 3.36
-0.35 -0.27 3.3
-0.31 -0.27 3.24
-0.27 -0.27 3.18
-0.22 -0.27 3.12
-0.18 -0.27 3.07
-0.14 -0.27 3.02
-0.1 -0.27 2.98
-0.06 -0.27 2.94
-0.02 -0.27 2.91
0.02 -0.27 2.87
0.06 -0.27 2.84
0.1 -0.27 2.82
0.14 -0.27 2.8
0.18 -0.27 2.78
0.22 -0.27 2.76
0.27 -0.27 2.74
0.31 -0.27 2.74
0.35 -0.27 2.73
0.39 -0.27 2.73
0.43 -0.27 2.73
0.47 -0.27 2.73
0.51 -0.27 2.74
0.55 -0.27 2.75
0.59 -0.27 2.76
0.63 -0.27 2.78
0.67 -0.27 2.8
0.71 -0.27 2.82
0.76 -0.27 2.85
0.8 -0.27 2.88
0.84 -0.27 2.92
0.88 -0.27 2.95
0.92 -0.27 2.99
0.96 -0.27 3.03
1.0 -0.27 3.08
-1.0 -0.22 4.2
-0.96 -0.22 4.1
-0.92 -0.22 3.99
-0.88 -0.22 3.9
-0.84 -0.22 3.8
-0.8 -0.22 3.71
-0.76 -0.22 3.62
-0.71 -0.22 3.51
-0.67 -0.22 3.43
-0.63 -0.22 3.35
-0.59 -0.22 3.28
-0.55 -0.22 3.21
-0.51 -0.22 3.14
-0.47 -0.22 3.07
-0.43 -0.22 3.01
-0.39 -0.22 2.95
-0.35 -0.22 2.89
-0.31 -0.22 2.84
-0.27 -0.22 2.79
-0.22 -0.22 2.73
-0.18 -0.22 2.69
-0.14 -0.22 2.65
-0.1 -0.22 2.62
-0.06 -0.22 2.58
-0.02 -0.22 2.55
0.02 -0.22 2.53
0.06 -0.22 2.5
0.1 -0.22 2.48
0.14 -0.22 2.47
0.18 -0.22 2.45
0.22 -0.22 2.44
0.27 -0.22 2.43
0.31 -0.22 2.43
0.35 -0.22 2.43
0.39 -0.22 2.43
0.43 -0.22 2.44
0.47 -0.22 2.45
0.51 -0.22 2.46
0.55 -0.22 2.48
0.59 -0.22 2.5
0.63 -0.22 2.52
0.67 -0.22 2.55
0.71 -0.22 2.58
0.76 -0.22 2.62
0.8 -0.22 2.65
0.84 -0.22 2.69
0.88 -0.22 2.73
0.92 -0.22 2.78
0.96 -0.22 2.83
1.0 -0.22 2.88
-1.0 -0.18 3.8
-0.96 -0.18 3.7
-0.92 -0.18 3.6
-0.88 -0.18 3.51
-0.84 -0.18 3.42
-0.8 -0.18 3.33
-0.76 -0.18 3.25
-0.71 -0.18 3.15
-0.67 -0.18 3.07
-0.63 -0.18 3.0
-0.59 -0.18 2.93
-0.55 -0.18 2.86
-0.51 -0.18 2.8
-0.47 -0.18 2.73
-0.43 -0.18 2.68
-0.39 -0.18 2.62
-0.35 -0.18 2.57
-0.31 -0.18 2.52
-0.27 -0.18 2.48
-0.22 -0.18 2.43
-0.18 -0.18 2.39
-0.14 -0.18 2.36
-0.1 -0.18 2.32
-0.06 -0.18 2.3
-0.02 -0.18 2.27
0.02 -0.18 2.25
0.06 -0.18 2.23
0.1 -0.18 2.22
0.14 -0.18 2.2
0.18 -0.18 2.2
0.22 -0.18 2.19
0.27 -0.18 2.19
0.31 -0.18 2.19
0.35 -0.18 2.19
0.39 -0.18 2.2
0.43 -0.18 2.21
0.47 -0.18 2.23
0.51 -0.18 2.24
0.55 -0.18 2.27
0.59 -0.18 2.29
0.63 -0.18 2.32
0.67 -0.18 2.35
0.71 -0.18 2.38
0.76 -0.18 2.43
0.8 -0.18 2.47
0.84 -0.18 2.51
0.88 -0.18 2.56
0.92 -0.18 2.61
0.96 -0.18 2.66
1.0 -0.18 2.72
-1.0 -0.14 3.4
-0.96 -0.14 3.3
-0.92 -0.14 3.21
-0.88 -0.14 3.12
-0.84 -0.14 3.04
-0.8 -0.14 2.96
-0.76 -0.14 2.88
-0.71 -0.14 2.78
-0.67 -0.14 2.71
-0.63 -0.14 2.64
-0.59 -0.14 2.58
-0.55 -0.14 2.51
-0.51 -0.14 2.45
-0.47 -0.14 2.4
-0.43 -0.14 2.35
-0.39 -0.14 2.3
-0.35 -0.14 2.25
-0.31 -0.14 2.21
-0.27 -0.14 2.17
-0.22 -0.14 2.12
-0.18 -0.14 2.09
-0.14 -0.14 2.06
-0.1 -0.14 2.03
-0.06 -0.14 2.01
-0.02 -0.14 1.99
0.02 -0.14 1.97
0.06 -0.14 1.96
0.1 -0.14 1.95
0.14 -0.14 1.94
0.18 -0.14 1.94
0.22 -0.14 1.94
0.27 -0.14 1.94
0.31 -0.14 1.95
0.35 -0.14 1.96
0.39 -0.14 1.97
0.43 -0.14 1.98
0.47 -0.14 2.0
0.51 -0.14 2.03
0.55 -0.14 2.05
0.59 -0.14 2.08
0.63 -0.14 2.11
0.67 -0.14 2.15
0.71 -0.14 2.19
0.76 -0.14 2.24
0.8 -0.14 2.28
0.84 -0.14 2.33
0.88 -0.14 2.38
0.92 -0.14 2.44
0.96 -0.14 2.5
1.0 -0.14 2.56
-1.0 -0.1 3.0
-0.96 -0.1 2.91
-0.92 -0.1 2.82
-0.88 -0.1 2.74
-0.84 -0.1 2.66
-0.8 -0.1 2.58
-0.76 -0.1 2.51
-0.71 -0.1 2.42
-0.67 -0.1 2.35
-0.63 -0.1 2.29
-0.59 -0.1 2.23
-0.55 -0.1 2.17
-0.51 -0.1 2.11
-0.47 -0.1 2.06
-0.43 -0.1 2.01
-0.39 -0.1 1.97
-0.35 -0.1 1.93
-0.31 -0.1 1.89
-0.27 -0.1 1.85
-0.22 -0.1 1.81
-0.18 -0.1 1.79
-0.14 -0.1 1.76
-0.1 -0.1 1.74
-0.06 -0.1 1.72
-0.02 -0.1 1.71
0.02 -0.1 1.69
0.06 -0.1 1.69
0.1 -0.1 1.68
0.14 -0.1 1.68
0.18 -0.1 1.68
0.22 -0.1 1.68
0.27 -0.1 1.69
0.31 -0.1 1.7
0.35 -0.1 1.72
0.39 -0.1 1.74
0.43 -0.1 1.76
0.47 -0.1 1.78
0.51 -0.1 1.81
0.55 -0.1 1.84
0.59 -0.1 1.87
0.63 -0.1 1.91
0.67 -0.1 1.95
0.71 -0.1 1.99
0.76 -0.1 2.05
0.8 -0.1 2.1
0.84 -0.1 2.15
0.88 -0.1 2.21
0.92 -0.1 2.27
0.96 -0.1 2.33
1.0 -0.1 2.4
-1.0 -0.06 2.6
-0.96 -0.06 2.51
-0.92 -0.06 2.43
-0.88 -0.06 2.35
-0.84 -0.06 2.28
-0.8 -0.06 2.2
-0.76 -0.06 2.13
-0.71 -0.06 2.05
-0.67 -0.06 1.99
-0.63 -0.06 1.93
-0.59 -0.06 1.87
-0.55 -0.06 1.82
-0.51 -0.06 1.77
-0.47 -0.06 1.73
-0.43 -0.06 1.68
-0.39 -0.06 1.64
-0.35 -0.06 1.61
-0.31 -0.06 1.57
-0.27 -0.06 1.54
-0.22 -0.06 1.51
-0.18 -0.06 1.48
-0.14 -0.06 1.46
-0.1 -0.06 1.45
-0.06 -0.06 1.43
-0.02 -0.06 1.42
0.02 -0.06 1.42
0.06 -0.06 1.41
0.1 -0.06 1.41
0.14 -0.06 1.41
0.18 -0.06 1.42
0.22 -0.06 1.43
0.27 -0.06 1.44
0.31 -0.06 1.46
0.35 -0.06 1.48
0.39 -0.06 1.5
0.43 -0.06 1.53
0.47 -0.06 1.56
0.51 -0.06 1.59
0.55 -0.06 1.62
0.59 -0.06 1.66
0.63 -0.06 1.7
0.67 -0.06 1.75
0.71 -0.06 1.8
0.76 -0.06 1.86
0.8 -0.06 1.92
0.84 -0.06 1.97
0.88 -0.06 2.04
0.92 -0.06 2.1
0.96 -0.06 2.17
1.0 -0.06 2.24
-1.0 -0.02 2.2
-0.96 -0.02 2.12
-0.92 -0.02 2.04
-0.88 -0.02 1.97
-0.84 -0.02 1.9
-0.8 -0.02 1.83
-0.76 -0.02 1.76
-0.71 -0.02 1.69
-0.67 -0.02 1.63
-0.63 -0.02 1.57
-0.59 -0.02 1.52
-0.55 -0.02 1.48
-0.51 -0.02 1.43
-0.47 -0.02 1.39
-0.43 -0.02 1.35
-0.39 -0.02 1.32
-0.35 -0.02 1.28
-0.31 -0.02 1.25
-0.27 -0.02 1.23
-0.22 -0.02 1.2
-0.18 -0.02 1.18
-0.14 -0.02 1.17
-0.1 -0.02 1.16
-0.06 -0.02 1.15
-0.02 -0.02 1.14
0.02 -0.02 1.14
0.06 -0.02 1.14
0.1 -0.02 1.14
0.14 -0.02 1.15
0.18 -0.02 1.16
0.22 -0.02 1.18
0.27 -0.02 1.2
0.31 -0.02 1.22
0.35 -0.02 1.24
0.39 -0.02 1.27
0.43 -0.02 1.3
0.47 -0.02 1.33
0.51 -0.02 1.37
0.55 -0.02 1.41
0.59 -0.02 1.45
0.63 -0.02 1.5
0.67 -0.02 1.55
0.71 -0.02 1.6
0.76 -0.02 1.67
0.8 -0.02 1.73
0.84 -0.02 1.8
0.88 -0.02 1.86
0.92 -0.02 1.93
0.96 -0.02 2.0
1.0 -0.02 2.08
-1.0 0.02 1.8
-0.96 0.02 1.72
-0.92 0.02 1.65
-0.88 0.02 1.58
-0.84 0.02 1.52
-0.8 0.02 1.45
-0.76 0.02 1.39
-0.71 0.02 1.32
-0.67 0.02 1.27
-0.63 0.02 1.22
-0.59 0.02 1.17
-0.55 0.02 1.13
-0.51 0.02 1.09
-0.47 0.02 1.05
-0.43 0.02 1.02
-0.39 0.02 0.99
-0.35 0.02 0.96
-0.31 0.02 0.94
-0.27 0.02 0.92
-0.22 0.02 0.9
-0.18 0.02 0.88
-0.14 0.02 0.87
-0.1 0.02 0.86
-0.06 0.02 0.86
-0.02 0.02 0.86
0.02 0.02 0.86
0.06 0.02 0.87
0.1 0.02 0.88
0.14 0.02 0.89
0.18 0.02 0.9
0.22 0.02 0.92
0.27 0.02 0.95
0.31 0.02 0.97
0.35 0.02 1.0
0.39 0.02 1.04
0.43 0.02 1.07
0.47 0.02 1.11
0.51 0.02 1.15
0.55 0.02 1.2
0.59 0.02 1.24
0.63 0.02 1.29
0.67 0.02 1.35
0.71 0.02 1.41
0.76 0.02 1.48
0.8 0.02 1.55
0.84 0.02 1.62
0.88 0.02 1.69
0.92 0.02 1.76
0.96 0.02 1.84
1.0 0.02 1.92
-1.0 0.06 1.4
-0.96 0.06 1.33
-0.92 0.06 1.26
-0.88 0.06 1.2
-0.84 0.06 1.13
-0.8 0.06 1.08
-0.76 0.06 1.02
-0.71 0.06 0.96
-0.67 0.06 0.91
-0.63 0.06 0.86
-0.59 0.06 0.82
-0.55 0.06 0.78
-0.51 0.06 0.75
-0.47 0.06 0.72
-0.43 0.06 0.69
-0.39 0.06 0.66
-0.35 0.06 0.64
-0.31 0.06 0.62
-0.27 0.06 0.6
-0.22 0.06 0.59
-0.18 0.06 0.58
-0.14 0.06 0.57
-0.1 0.06 0.57
-0.06 0.06 0.57
-0.02 0.06 0.58
0.02 0.06 0.58
0.06 0.06 0.59
0.1 0.06 0.61
0.14 0.06 0.62
0.18 0.06 0.64
0.22 0.06 0.67
0.27 0.06 0.7
0.31 0.06 0.73
0.35 0.06 0.77
0.39 0.06 0.8
0.43 0.06 0.84
0.47 0.06 0.89
0.51 0.06 0.93
0.55 0.06 0.98
0.59 0.06 1.03
0.63 0.06 1.09
0.67 0.06 1.15
0.71 0.06 1.21
0.76 0.06 1.29
0.8 0.06 1.36
0.84 0.06 1.44
0.88 0.06 1.51
0.92 0.06 1.59
0.96 0.06 1.67
1.0 0.06 1.76
-1.0 0.1 1.0
-0.96 0.1 0.93
-0.92 0.1 0.87
-0.88 0.1 0.81
-0.84 0.1 0.75
-0.8 0.1 0.7
-0.76 0.1 0.65
-0.71 0.1 0.59
-0.67 0.1 0.55
-0.63 0.1 0.51
-0.59 0.1 0.47
-0.55 0.1 0.44
-0.51 0.1 0.41
-0.47 0.1 0.38
-0.43 0.1 0.36
-0.39 0.1 0.34
-0.35 0.1 0.32
-0.31 0.1 0.3
-0.27 0.1 0.29
-0.22 0.1 0.28
-0.18 0.1 0.28
-0.14 0.1 0.28
-0.1 0.1 0.28
-0.06 0.1 0.29
-0.02 0.1 0.29
0.02 0.1 0.31
0.06 0.1 0.32
0.1 0.1 0.34
0.14 0.1 0.36
0.18 0.1 0.39
0.22 0.1 0.41
0.27 0.1 0.45
0.31 0.1 0.49
0.35 0.1 0.53
0.39 0.1 0.57
0.43 0.1 0.61
0.47 0.1 0.66
0.51 0.1 0.71
0.55 0.1 0.77
0.59 0.1 0.83
0.63 0.1 0.89
0.67 0.1 0.95
0.71 0.1 1.02
0.76 0.1 1.11
0.8 0.1 1.18
0.84 0.1 1.26
0.88 0.1 1.34
0.92 0.1 1.42
0.96 0.1 1.51
1.0 0.1 1.6
-1.0 0.14 0.6
-0.96 0.14 0.54
-0.92 0.14 0.48
-0.88 0.14 0.42
-0.84 0.14 0.37
-0.8 0.14 0.32
-0.76 0.14 0.28
-0.71 0.14 0.23
-0.67 0.14 0.19
-0.63 0.14 0.15
-0.59 0.14 0.12
-0.55 0.14 0.09
-0.51 0.14 0.07
-0.47 0.14 0.04
-0.43 0.14 0.02
-0.39 0.14 0.01
-0.35 0.14 -0.0
-0.31 0.14 -0.01
-0.27 0.14 -0.02
-0.22 0.14 -0.02
-0.18 0.14 -0.02
-0.14 0.14 -0.02
-0.1 0.14 -0.01
-0.06 0.14 -0.0
-0.02 0.14 0.01
0.02 0.14 0.03
0.06 0.14 0.05
0.1 0.14 0.07
0.14 0.14 0.1
0.18 0.14 0.13
0.22 0.14 0.16
0.27 0.14 0.21
0.31 0.14 0.25
0.35 0.14 0.29
0.39 0.14 0.34
0.43 0.14 0.39
0.47 0.14 0.44
0.51 0.14 0.49
0.55 0.14 0.55
0.59 0.14 0.62
0.63 0.14 0.68
0.67 0.14 0.75
0.71 0.14 0.82
0.76 0.14 0.92
0.8 0.14 1.0
0.84 0.14 1.08
0.88 0.14 1.16
0.92 0.14 1.25
0.96 0.14 1.34
1.0 0.14 1.44
-1.0 0.18 0.2
-0.96 0.18 0.14
-0.92 0.18 0.09
-0.88 0.18 0.04
-0.84 0.18 -0.01
-0.8 0.18 -0.05
-0.76 0.18 -0.09
-0.71 0.18 -0.14
-0.67 0.18 -0.17
-0.63 0.18 -0.2
-0.59 0.18 -0.23
-0.55 0.18 -0.25
-0.51 0.18 -0.28
-0.47 0.18 -0.29
-0.43 0.18 -0.31
-0.39 0.18 -0.32
-0.35 0.18 -0.33
-0.31 0.18 -0.33
-0.27 0.18 -0.33
-0.22 0.18 -0.33
-0.18 0.18 -0.32
-0.14 0.18 -0.32
-0.1 0.18 -0.3
-0.06 0.18 -0.29
-0.02 0.18 -0.27
0.02 0.18 -0.25
0.06 0.18 -0.22
0.1 0.18 -0.2
0.14 0.18 -0.16
0.18 0.18 -0.13
0.22 0.18 -0.09
0.27 0.18 -0.04
0.31 0.18 0.0
0.35 0.18 0.05
0.39 0.18 0.1
0.43 0.18 0.16
0.47 0.18 0.21
0.51 0.18 0.28
0.55 0.18 0.34
0.59 0.18 0.41
0.63 0.18 0.48
0.67 0.18 0.55
0.71 0.18 0.63
0.76 0.18 0.73
0.8 0.18 0.81
0.84 0.18 0.9
0.88 0.18 0.99
0.92 0.18 1.08
0.96 0.18 1.18
1.0 0.18 1.28
-1.0 0.22 -0.2
-0.96 0.22 -0.25
-0.92 0.22 -0.3
-0.88 0.22 -0.35
-0.84 0.22 -0.39
-0.8 0.22 -0.43
-0.76 0.22 -0.46
-0.71 0.22 -0.5
-0.67 0.22 -0.53
-0.63 0.22 -0.56
-0.59 0.22 -0.58
-0.55 0.22 -0.6
-0.51 0.22 -0.62
-0.47 0.22 -0.63
-0.43 0.22 -0.64
-0.39 0.22 -0.65
-0.35 0.22 -0.65
-0.31 0.22 -0.65
-0.27 0.22 -0.65
-0.22 0.22 -0.64
-0.18 0.22 -0.63
-0.14 0.22 -0.61
-0.1 0.22 -0.6
-0.06 0.22 -0.58
-0.02 0.22 -0.55
0.02 0.22 -0.53
0.06 0.22 -0.5
0.1 0.22 -0.46
0.14 0.22 -0.43
0.18 0.22 -0.39
0.22 0.22 -0.35
0.27 0.22 -0.29
0.31 0.22 -0.24
0.35 0.22 -0.19
0.39 0.22 -0.13
0.43 0.22 -0.07
0.47 0.22 -0.01
0.51 0.22 0.06
0.55 0.22 0.13
0.59 0.22 0.2
0.63 0.22 0.27
0.67 0.22 0.35
0.71 0.22 0.43
0.76 0.22 0.54
0.8 0.22 0.63
0.84 0.22 0.72
0.88 0.22 0.82
0.92 0.22 0.91
0.96 0.22 1.02
1.0 0.22 1.12
-1.0 0.27 -0.7
-0.96 0.27 -0.75
-0.92 0.27 -0.79
-0.88 0.27 -0.83
-0.84 0.27 -0.86
-0.8 0.27 -0.9
-0.76 0.27 -0.93
-0.71 0.27 -0.96
-0.67 0.27 -0.98
-0.63 0.27 -1.0
-0.59 0.27 -1.02
-0.55 0.27 -1.03
-0.51 0.27 -1.04
-0.47 0.27 -1.05
-0.43 0.27 -1.05
-0.39 0.27 -1.05
-0.35 0.27 -1.05
-0.31 0.27 -1.04
-0.27 0.27 -1.04
-0.22 0.27 -1.02
-0.18 0.27 -1.0
-0.14 0.27 -0.98
-0.1 0.27 -0.96
-0.06 0.27 -0.94
-0.02 0.27 -0.91
0.02 0.27 -0.87
0.06 0.27 -0.84
0.1 0.27 -0.8
0.14 0.27 -0.76
0.18 0.27 -0.71
0.22 0.27 -0.66
0.27 0.27 -0.6
0.31 0.27 -0.54
0.35 0.27 -0.48
0.39 0.27 -0.42
0.43 0.27 -0.36
0.47 0.27 -0.29
0.51 0.27 -0.22
0.55 0.27 -0.14
0.59 0.27 -0.06
0.63 0.27 0.02
0.67 0.27 0.1
0.71 0.27 0.19
0.76 0.27 0.3
0.8 0.27 0.4
0.84 0.27 0.5
0.88 0.27 0.6
0.92 0.27 0.7
0.96 0.27 0.81
1.0 0.27 0.92
-1.0 0.31 -1.1
-0.96 0.31 -1.14
-0.92 0.31 -1.18
-0.88 0.31 -1.21
-0.84 0.31 -1.25
-0.8 0.31 -1.27
-0.76 0.31 -1.3
-0.71 0.31 -1.33
-0.67 0.31 -1.34
-0.63 0.31 -1.36
-0.59 0.31 -1.37
-0.55 0.31 -1.38
-0.51 0.31 -1.38
-0.47 0.31 -1.39
-0.43 0.31 -1.38
-0.39 0.31 -1.38
-0.35 0.31 -1.37
-0.31 0.31 -1.36
-0.27 0.31 -1.35
-0.22 0.31 -1.33
-0.18 0.31 -1.3
-0.14 0.31 -1.28
-0.1 0.31 -1.25
-0.06 0.31 -1.22
-0.02 0.31 -1.19
0.02 0.31 -1.15
0.06 0.31 -1.11
0.1 0.31 -1.07
0.14 0.31 -1.02
0.18 0.31 -0.97
0.22 0.31 -0.92
0.27 0.31 -0.85
0.31 0.31 -0.79
0.35 0.31 -0.72
0.39 0.31 -0.66
0.43 0.31 -0.59
0.47 0.31 -0.51
0.51 0.31 -0.44
0.55 0.31 -0.36
0.59 0.31 -0.27
0.63 0.31 -0.19
0.67 0.31 -0.1
0.71 0.31 -0.01
0.76 0.31 0.11
0.8 0.31 0.21
0.84 0.31 0.32
0.88 0.31 0.42
0.92 0.31 0.53
0.96 0.31 0.64
1.0 0.31 0.76
-1.0 0.35 -1.5
-0.96 0.35 -1.54
-0.92 0.35 -1.57
-0.88 0.35 -1.6
-0.84 0.35 -1.63
-0.8 0.35 -1.65
-0.76 0.35 -1.67
-0.71 0.35 -1.69
-0.67 0.35 -1.7
-0.63 0.35 -1.71
-0.59 0.35 -1.72
-0.55 0.35 -1.72
-0.51 0.35 -1.73
-0.47 0.35 -1.72
-0.43 0.35 -1.72
-0.39 0.35 -1.71
-0.35 0.35 -1.69
-0.31 0.35 -1.68
-0.27 0.35 -1.66
-0.22 0.35 -1.63
-0.18 0.35 -1.61
-0.14 0.35 -1.58
-0.1 0.35 -1.54
-0.06 0.35 -1.51
-0.02 0.35 -1.47
0.02 0.35 -1.43
0.06 0.35 -1.38
0.1 0.35 -1.33
0.14 0.35 -1.28
0.18 0.35 -1.23
0.22 0.35 -1.17
0.27 0.35 -1.09
0.31 0.35 -1.03
0.35 0.35 -0.96
0.39 0.35 -0.89
0.43 0.35 -0.81
0.47 0.35 -0.74
0.51 0.35 -0.65
0.55 0.35 -0.57
0.59 0.35 -0.48
0.63 0.35 -0.39
0.67 0.35 -0.3
0.71 0.35 -0.2
0.76 0.35 -0.07
0.8 0.35 0.03
0.84 0.35 0.14
0.88 0.35 0.25
0.92 0.35 0.36
0.96 0.35 0.48
1.0 0.35 0.6
-1.0 0.39 -1.9
-0.96 0.39 -1.93
-0.92 0.39 -1.96
-0.88 0.39 -1.99
-0.84 0.39 -2.01
-0.8 0.39 -2.03
-0.76 0.39 -2.04
-0.71 0.39 -2.06
-0.67 0.39 -2.06
-0.63 0.39 -2.07
-0.59 0.39 -2.07
-0.55 0.39 -2.07
-0.51 0.39 -2.07
-0.47 0.39 -2.06
-0.43 0.39 -2.05
-0.39 0.39 -2.03
-0.35 0.39 -2.02
-0.31 0.39 -2.0
-0.27 0.39 -1.97
-0.22 0.39 -1.94
-0.18 0.39 -1.91
-0.14 0.39 -1.87
-0.1 0.39 -1.84
-0.06 0.39 -1.8
-0.02 0.39 -1.75
0.02 0.39 -1.71
0.06 0.39 -1.66
0.1 0.39 -1.6
0.14 0.39 -1.55
0.18 0.39 -1.49
0.22 0.39 -1.42
0.27 0.39 -1.34
0.31 0.39 -1.27
0.35 0.39 -1.2
0.39 0.39 -1.12
0.43 0.39 -1.04
0.47 0.39 -0.96
0.51 0.39 -0.87
0.55 0.39 -0.78
0.59 0.39 -0.69
0.63 0.39 -0.6
0.67 0.39 -0.5
0.71 0.39 -0.4
0.76 0.39 -0.26
0.8 0.39 -0.15
0.84 0.39 -0.04
0.88 0.39 0.07
0.92 0.39 0.19
0.96 0.39 0.31
1.0 0.39 0.44
-1.0 0.43 -2.3
-0.96 0.43 -2.33
-0.92 0.43 -2.35
-0.88 0.43 -2.37
-0.84 0.43 -2.39
-0.8 0.43 -2.4
-0.76 0.43 -2.41
-0.71 0.43 -2.42
-0.67 0.43 -2.43
-0.63 0.43 -2.43
-0.59 0.43 -2.42
-0.55 0.43 -2.42
-0.51 0.43 -2.41
-0.47 0.43 -2.4
-0.43 0.43 -2.38
-0.39 0.43 -2.36
-0.35 0.43 -2.34
-0.31 0.43 -2.31
-0.27 0.43 -2.29
-0.22 0.43 -2.25
-0.18 0.43 -2.21
-0.14 0.43 -2.17
-0.1 0.43 -2.13
-0.06 0.43 -2.08
-0.02 0.43 -2.04
0.02 0.43 -1.98
0.06 0.43 -1.93
0.1 0.43 -1.87
0.14 0.43 -1.81
0.18 0.43 -1.75
0.22 0.43 -1.68
0.27 0.43 -1.59
0.31 0.43 -1.51
0.35 0.43 -1.44
0.39 0.43 -1.35
0.43 0.43 -1.27
0.47 0.43 -1.18
0.51 0.43 -1.09
0.55 0.43 -1.0
0.59 0.43 -0.9
0.63 0.43 -0.8
0.67 0.43 -0.7
0.71 0.43 -0.59
0.76 0.43 -0.45
0.8 0.43 -0.34
0.84 0.43 -0.22
0.88 0.43 -0.1
0.92 0.43 0.02
0.96 0.43 0.15
1.0 0.43 0.28
-1.0 0.47 -2.7
-0.96 0.47 -2.72
-0.92 0.47 -2.74
-0.88 0.47 -2.76
-0.84 0.47 -2.77
-0.8 0.47 -2.78
-0.76 0.47 -2.78
-0.71 0.47 -2.79
-0.67 0.47 -2.79
-0.63 0.47 -2.78
-0.59 0.47 -2.77
-0.55 0.47 -2.76
-0.51 0.47 -2.75
-0.47 0.47 -2.73
-0.43 0.47 -2.71
-0.39 0.47 -2.69
-0.35 0.47 -2.66
-0.31 0.47 -2.63
-0.27 0.47 -2.6
-0.22 0.47 -2.55
-0.18 0.47 -2.51
-0.14 0.47 -2.47
-0.1 0.47 -2.42
-0.06 0.47 -2.37
-0.02 0.47 -2.32
0.02 0.47 -2.26
0.06 0.47 -2.2
0.1 0.47 -2.14
0.14 0.47 -2.07
0.18 0.47 -2.0
0.22 0.47 -1.93
0.27 0.47 -1.84
0.31 0.47 -1.76
0.35 0.47 -1.67
0.39 0.47 -1.59
0.43 0.47 -1.5
0.47 0.47 -1.41
0.51 0.47 -1.31
0.55 0.47 -1.21
0.59 0.47 -1.11
0.63 0.47 -1.0
0.67 0.47 -0.9
0.71 0.47 -0.78
0.76 0.47 -0.64
0.8 0.47 -0.52
0.84 0.47 -0.4
0.88 0.47 -0.27
0.92 0.47 -0.15
0.96 0.47 -0.01
1.0 0.47 0.12
-1.0 0.51 -3.1
-0.96 0.51 -3.12
-0.92 0.51 -3.13
-0.88 0.51 -3.14
-0.84 0.51 -3.15
-0.8 0.51 -3.15
-0.76 0.51 -3.16
-0.71 0.51 -3.15
-0.67 0.51 -3.15
-0.63 0.51 -3.14
-0.59 0.51 -3.12
-0.55 0.51 -3.11
-0.51 0.51 -3.09
-0.47 0.51 -3.07
-0.43 0.51 -3.04
-0.39 0.51 -3.01
-0.35 0.51 -2.98
-0.31 0.51 -2.95
-0.27 0.51 -2.91
-0.22 0.51 -2.86
-0.18 0.51 -2.81
-0.14 0.51 -2.76
-0.1 0.51 -2.71
-0.06 0.51 -2.66
-0.02 0.51 -2.6
0.02 0.51 -2.54
0.06 0.51 -2.47
0.1 0.51 -2.41
0.14 0.51 -2.34
0.18 0.51 -2.26
0.22 0.51 -2.19
0.27 0.51 -2.08
0.31 0.51 -2.0
0.35 0.51 -1.91
0.39 0.51 -1.82
0.43 0.51 -1.73
0.47 0.51 -1.63
0.51 0.51 -1.53
0.55 0.51 -1.43
0.59 0.51 -1.32
0.63 0.51 -1.21
0.67 0.51 -1.1
0.71 0.51 -0.98
0.76 0.51 -0.83
0.8 0.51 -0.71
0.84 0.51 -0.58
0.88 0.51 -0.45
0.92 0.51 -0.32
0.96 0.51 -0.18
1.0 0.51 -0.04
-1.0 0.55 -3.5
-0.96 0.55 -3.51
-0.92 0.55 -3.52
-0.88 0.55 -3.53
-0.84 0.55 -3.53
-0.8 0.55 -3.53
-0.76 0.55 -3.53
-0.71 0.55 -3.52
-0.67 0.55 -3.51
-0.63 0.55 -3.49
-0.59 0.55 -3.48
-0.55 0.55 -3.46
-0.51 0.55 -3.43
-0.47 0.55 -3.4
-0.43 0.55 -3.37
-0.39 0.55 -3.34
-0.35 0.55 -3.31
-0.31 0.55 -3.27
-0.27 0.55 -3.22
-0.22 0.55 -3.16
-0.18 0.55 -3.11
-0.14 0.55 -3.06
-0.1 0.55 -3.01
-0.06 0.55 -2.95
-0.02 0.55 -2.88
0.02 0.55 -2.82
0.06 0.55 -2.75
0.1 0.55 -2.68
0.14 0.55 -2.6
0.18 0.55 -2.52
0.22 0.55 -2.44
0.27 0.55 -2.33
0.31 0.55 -2.24
0.35 0.55 -2.15
0.39 0.55 -2.05
0.43 0.55 -1.96
0.47 0.55 -1.85
0.51 0.55 -1.75
0.55 0.55 -1.64
0.59 0.55 -1.53
0.63 0.55 -1.41
0.67 0.55 -1.3
0.71 0.55 -1.17
0.76 0.55 -1.02
0.8 0.55 -0.89
0.84 0.55 -0.76
0.88 0.55 -0.62
0.92 0.55 -0.49
0.96 0.55 -0.34
1.0 0.55 -0.2
-1.0 0.59 -3.9
-0.96 0.59 -3.91
-0.92 0.59 -3.91
-0.88 0.59 -3.91
-0.84 0.59 -3.91
-0.8 0.59 -3.91
-0.76 0.59 -3.9
-0.71 0.59 -3.88
-0.67 0.59 -3.87
-0.63 0.59 -3.85
-0.59 0.59 -3.83
-0.55 0.59 -3.8
-0.51 0.59 -3.77
-0.47 0.59 -3.74
-0.43 0.59 -3.71
-0.39 0.59 -3.67
-0.35 0.59 -3.63
-0.31 0.59 -3.58
-0.27 0.59 -3.54
-0.22 0.59 -3.47
-0.18 0.59 -3.42
-0.14 0.59 -3.36
-0.1 0.59 -3.3
-0.06 0.59 -3.23
-0.02 0.59 -3.16
0.02 0.59 -3.09
0.06 0.59 -3.02
0.1 0.59 -2.94
0.14 0.59 -2.86
0.18 0.59 -2.78
0.22 0.59 -2.69
0.27 0.59 -2.58
0.31 0.59 -2.49
0.35 0.59 -2.39
0.39 0.59 -2.29
0.43 0.59 -2.18
0.47 0.59 -2.08
0.51 0.59 -1.97
0.55 0.59 -1.85
0.59 0.59 -1.74
0.63 0.59 -1.62
0.67 0.59 -1.5
0.71 0.59 -1.37
0.76 0.59 -1.21
0.8 0.59 -1.07
0.84 0.59 -0.94
0.88 0.59 -0.8
0.92 0.59 -0.66
0.96 0.59 -0.51
1.0 0.59 -0.36
-1.0 0.63 -4.3
-0.96 0.63 -4.3
-0.92 0.63 -4.3
-0.88 0.63 -4.3
-0.84 0.63 -4.29
-0.8 0.63 -4.28
-0.76 0.63 -4.27
-0.71 0.63 -4.25
-0.67 0.63 -4.23
-0.63 0.63 -4.2
-0.59 0.63 -4.18
-0.55 0.63 -4.15
-0.51 0.63 -4.11
-0.47 0.63 -4.08
-0.43 0.63 -4.04
-0.39 0.63 -4.0
-0.35 0.63 -3.95
-0.31 0.63 -3.9
-0.27 0.63 -3.85
-0.22 0.63 -3.78
-0.18 0.63 -3.72
-0.14 0.63 -3.66
-0.1 0.63 -3.59
-0.06 0.63 -3.52
-0.02 0.63 -3.45
0.02 0.63 -3.37
0.06 0.63 -3.29
0.1 0.63 -3.21
0.14 0.63 -3.13
0.18 0.63 -3.04
0.22 0.63 -2.95
0.27 0.63 -2.83
0.31 0.63 -2.73
0.35 0.63 -2.63
0.39 0.63 -2.52
0.43 0.63 -2.41
0.47 0.63 -2.3
0.51 0.63 -2.19
0.55 0.63 -2.07
0.59 0.63 -1.95
0.63 0.63 -1.82
0.67 0.63 -1.69
0.71 0.63 -1.56
0.76 0.63 -1.4
0.8 0.63 -1.26
0.84 0.63 -1.12
0.88 0.63 -0.97
0.92 0.63 -0.82
0.96 0.63 -0.67
1.0 0.63 -0.52
-1.0 0.67 -4.7
-0.96 0.67 -4.7
-0.92 0.67 -4.69
-0.88 0.67 -4.68
-0.84 0.67 -4.67
-0.8 0.67 -4.66
-0.76 0.67 -4.64
-0.71 0.67 -4.61
-0.67 0.67 -4.59
-0.63 0.67 -4.56
-0.59 0.67 -4.53
-0.55 0.67 -4.49
-0.51 0.67 -4.46
-0.47 0.67 -4.41
-0.43 0.67 -4.37
-0.39 0.67 -4.32
-0.35 0.67 -4.27
-0.31 0.67 -4.22
-0.27 0.67 -4.16
-0.22 0.67 -4.08
-0.18 0.67 -4.02
-0.14 0.67 -3.95
-0.1 0.67 -3.88
-0.06 0.67 -3.81
-0.02 0.67 -3.73
0.02 0.67 -3.65
0.06 0.67 -3.57
0.1 0.67 -3.48
0.14 0.67 -3.39
0.18 0.67 -3.3
0.22 0.67 -3.2
0.27 0.67 -3.07
0.31 0.67 -2.97
0.35 0.67 -2.86
0.39 0.67 -2.75
0.43 0.67 -2.64
0.47 0.67 -2.52
0.51 0.67 -2.4
0.55 0.67 -2.28
0.59 0.67 -2.16
0.63 0.67 -2.03
0.67 0.67 -1.89
0.71 0.67 -1.76
0.76 0.67 -1.58
0.8 0.67 -1.44
0.84 0.67 -1.3
0.88 0.67 -1.15
0.92 0.67 -0.99
0.96 0.67 -0.84
1.0 0.67 -0.68
-1.0 0.71 -5.1
-0.96 0.71 -5.09
-0.92 0.71 -5.08
-0.88 0.71 -5.07
-0.84 0.71 -5.05
-0.8 0.71 -5.03
-0.76 0.71 -5.01
-0.71 0.71 -4.98
-0.67 0.71 -4.95
-0.63 0.71 -4.92
-0.59 0.71 -4.88
-0.55 0.71 -4.84
-0.51 0.71 -4.8
-0.47 0.71 -4.75
-0.43 0.71 -4.7
-0.39 0.71 -4.65
-0.35 0.71 -4.59
-0.31 0.71 -4.53
-0.27 0.71 -4.47
-0.22 0.71 -4.39
-0.18 0.71 -4.32
-0.14 0.71 -4.25
-0.1 0.71 -4.17
-0.06 0.71 -4.09
-0.02 0.71 -4.01
0.02 0.71 -3.93
0.06 0.71 -3.84
0.1 0.71 -3.75
0.14 0.71 -3.65
0.18 0.71 -3.55
0.22 0.71 -3.45
0.27 0.71 -3.32
0.31 0.71 -3.21
0.35 0.71 -3.1
0.39 0.71 -2.99
0.43 0.71 -2.87
0.47 0.71 -2.75
0.51 0.71 -2.62
0.55 0.71 -2.5
0.59 0.71 -2.37
0.63 0.71 -2.23
0.67 0.71 -2.09
0.71 0.71 -1.95
0.76 0.71 -1.77
0.8 0.71 -1.63
0.84 0.71 -1.48
0.88 0.71 -1.32
0.92 0.71 -1.16
0.96 0.71 -1.0
1.0 0.71 -0.84
-1.0 0.76 -5.6
-0.96 0.76 -5.59
-0.92 0.76 -5.57
-0.88 0.76 -5.55
-0.84 0.76 -5.53
-0.8 0.76 -5.5
-0.76 0.76 -5.48
-0.71 0.76 -5.43
-0.67 0.76 -5.4
-0.63 0.76 -5.36
-0.59 0.76 -5.32
-0.55 0.76 -5.27
-0.51 0.76 -5.22
-0.47 0.76 -5.17
-0.43 0.76 -5.12
-0.39 0.76 -5.06
-0.35 0.76 -5.0
-0.31 0.76 -4.93
-0.27 0.76 -4.86
-0.22 0.76 -4.77
-0.18 0.76 -4.7
-0.14 0.76 -4.62
-0.1 0.76 -4.54
-0.06 0.76 -4.45
-0.02 0.76 -4.37
0.02 0.76 -4.27
0.06 0.76 -4.18
0.1 0.76 -4.08
0.14 0.76 -3.98
0.18 0.76 -3.88
0.22 0.76 -3.77
0.27 0.76 -3.63
0.31 0.76 -3.52
0.35 0.76 -3.4
0.39 0.76 -3.28
0.43 0.76 -3.15
0.47 0.76 -3.03
0.51 0.76 -2.9
0.55 0.76 -2.76
0.59 0.76 -2.63
0.63 0.76 -2.49
0.67 0.76 -2.34
0.71 0.76 -2.2
0.76 0.76 -2.01
0.8 0.76 -1.86
0.84 0.76 -1.7
0.88 0.76 -1.54
0.92 0.76 -1.38
0.96 0.76 -1.21
1.0 0.76 -1.04
-1.0 0.8 -6.0
-0.96 0.8 -5.98
-0.92 0.8 -5.96
-0.88 0.8 -5.94
-0.84 0.8 -5.91
-0.8 0.8 -5.88
-0.76 0.8 -5.85
-0.71 0.8 -5.8
-0.67 0.8 -5.76
-0.63 0.8 -5.72
-0.59 0.8 -5.67
-0.55 0.8 -5.62
-0.51 0.8 -5.56
-0.47 0.8 -5.51
-0.43 0.8 -5.45
-0.39 0.8 -5.38
-0.35 0.8 -5.32
-0.31 0.8 -5.25
-0.27 0.8 -5.18
-0.22 0.8 -5.08
-0.18 0.8 -5.0
-0.14 0.8 -4.92
-0.1 0.8 -4.83
-0.06 0.8 -4.74
-0.02 0.8 -4.65
0.02 0.8 -4.55
0.06 0.8 -4.45
0.1 0.8 -4.35
0.14 0.8 -4.24
0.18 0.8 -4.14
0.22 0.8 -4.02
0.27 0.8 -3.88
0.31 0.8 -3.76
0.35 0.8 -3.64
0.39 0.8 -3.51
0.43 0.8 -3.38
0.47 0.8 -3.25
0.51 0.8 -3.12
0.55 0.8 -2.98
0.59 0.8 -2.84
0.63 0.8 -2.69
0.67 0.8 -2.54
0.71 0.8 -2.39
0.76 0.8 -2.2
0.8 0.8 -2.04
0.84 0.8 -1.88
0.88 0.8 -1.71
0.92 0.8 -1.55
0.96 0.8 -1.37
1.0 0.8 -1.2
-1.0 0.84 -6.4
-0.96 0.84 -6.38
-0.92 0.84 -6.35
-0.88 0.84 -6.32
-0.84 0.84 -6.29
-0.8 0.84 -6.26
-0.76 0.84 -6.22
-0.71 0.84 -6.17
-0.67 0.84 -6.12
-0.63 0.84 -6.07
-0.59 0.84 -6.02
-0.55 0.84 -5.96
-0.51 0.84 -5.91
-0.47 0.84 -5.84
-0.43 0.84 -5.78
-0.39 0.84 -5.71
-0.35 0.84 -5.64
-0.31 0.84 -5.57
-0.27 0.84 -5.49
-0.22 0.84 -5.39
-0.18 0.84 -5.3
-0.14 0.84 -5.21
-0.1 0.84 -5.12
-0.06 0.84 -5.03
-0.02 0.84 -4.93
0.02 0.84 -4.83
0.06 0.84 -4.73
0.1 0.84 -4.62
0.14 0.84 -4.51
0.18 0.84 -4.39
0.22 0.84 -4.28
0.27 0.84 -4.13
0.31 0.84 -4.0
0.35 0.84 -3.88
0.39 0.84 -3.75
0.43 0.84 -3.61
0.47 0.84 -3.47
0.51 0.84 -3.33
0.55 0.84 -3.19
0.59 0.84 -3.05
0.63 0.84 -2.9
0.67 0.84 -2.74
0.71 0.84 -2.59
0.76 0.84 -2.39
0.8 0.84 -2.22
0.84 0.84 -2.06
0.88 0.84 -1.89
0.92 0.84 -1.72
0.96 0.84 -1.54
1.0 0.84 -1.36
-1.0 0.88 -6.8
-0.96 0.88 -6.77
-0.92 0.88 -6.74
-0.88 0.88 -6.71
-0.84 0.88 -6.67
-0.8 0.88 -6.63
-0.76 0.88 -6.59
-0.71 0.88 -6.53
-0.67 0.88 -6.48
-0.63 0.88 -6.43
-0.59 0.88 -6.37
-0.55 0.88 -6.31
-0.51 0.88 -6.25
-0.47 0.88 -6.18
-0.43 0.88 -6.11
-0.39 0.88 -6.04
-0.35 0.88 -5.96
-0.31 0.88 -5.88
-0.27 0.88 -5.8
-0.22 0.88 -5.69
-0.18 0.88 -5.6
-0.14 0.88 -5.51
-0.1 0.88 -5.41
-0.06 0.88 -5.31
-0.02 0.88 -5.21
0.02 0.88 -5.11
0.06 0.88 -5.0
0.1 0.88 -4.89
0.14 0.88 -4.77
0.18 0.88 -4.65
0.22 0.88 -4.53
0.27 0.88 -4.37
0.31 0.88 -4.25
0.35 0.88 -4.11
0.39 0.88 -3.98
0.43 0.88 -3.84
0.47 0.88 -3.7
0.51 0.88 -3.55
0.55 0.88 -3.41
0.59 0.88 -3.25
0.63 0.88 -3.1
0.67 0.88 -2.94
0.71 0.88 -2.78
0.76 0.88 -2.58
0.8 0.88 -2.41
0.84 0.88 -2.24
0.88 0.88 -2.06
0.92 0.88 -1.88
0.96 0.88 -1.7
1.0 0.88 -1.52
-1.0 0.92 -7.2
-0.96 0.92 -7.17
-0.92 0.92 -7.13
-0.88 0.92 -7.09
-0.84 0.92 -7.05
-0.8 0.92 -7.01
-0.76 0.92 -6.96
-0.71 0.92 -6.9
-0.67 0.92 -6.84
-0.63 0.92 -6.78
-0.59 0.92 -6.72
-0.55 0.92 -6.66
-0.51 0.92 -6.59
-0.47 0.92 -6.52
-0.43 0.92 -6.44
-0.39 0.92 -6.36
-0.35 0.92 -6.28
-0.31 0.92 -6.2
-0.27 0.92 -6.11
-0.22 0.92 -6.0
-0.18 0.92 -5.9
-0.14 0.92 -5.81
-0.1 0.92 -5.71
-0.06 0.92 -5.6
-0.02 0.92 -5.49
0.02 0.92 -5.38
0.06 0.92 -5.27
0.1 0.92 -5.15
0.14 0.92 -5.03
0.18 0.92 -4.91
0.22 0.92 -4.78
0.27 0.92 -4.62
0.31 0.92 -4.49
0.35 0.92 -4.35
0.39 0.92 -4.21
0.43 0.92 -4.07
0.47 0.92 -3.92
0.51 0.92 -3.77
0.55 0.92 -3.62
0.59 0.92 -3.46
0.63 0.92 -3.3
0.67 0.92 -3.14
0.71 0.92 -2.98
0.76 0.92 -2.76
0.8 0.92 -2.59
0.84 0.92 -2.42
0.88 0.92 -2.24
0.92 0.92 -2.05
0.96 0.92 -1.87
1.0 0.92 -1.68
-1.0 0.96 -7.6
-0.96 0.96 -7.56
-0.92 0.96 -7.52
-0.88 0.96 -7.48
-0.84 0.96 -7.43
-0.8 0.96 -7.38
-0.76 0.96 -7.33
-0.71 0.96 -7.26
-0.67 0.96 -7.2
-0.63 0.96 -7.14
-0.59 0.96 -7.07
-0.55 0.96 -7.0
-0.51 0.96 -6.93
-0.47 0.96 -6.85
-0.43 0.96 -6.77
-0.39 0.96 -6.69
-0.35 0.96 -6.61
-0.31 0.96 -6.52
-0.27 0.96 -6.42
-0.22 0.96 -6.31
-0.18 0.96 -6.21
-0.14 0.96 -6.1
-0.1 0.96 -6.0
-0.06 0.96 -5.89
-0.02 0.96 -5.78
0.02 0.96 -5.66
0.06 0.96 -5.54
0.1 0.96 -5.42
0.14 0.96 -5.3
0.18 0.96 -5.17
0.22 0.96 -5.04
0.27 0.96 -4.87
0.31 0.96 -4.73
0.35 0.96 -4.59
0.39 0.96 -4.44
0.43 0.96 -4.3
0.47 0.96 -4.15
0.51 0.96 -3.99
0.55 0.96 -3.83
0.59 0.96 -3.67
0.63 0.96 -3.51
0.67 0.96 -3.34
0.71 0.96 -3.17
0.76 0.96 -2.95
0.8 0.96 -2.78
0.84 0.96 -2.6
0.88 0.96 -2.41
0.92 0.96 -2.22
0.96 0.96 -2.03
1.0 0.96 -1.84
-1.0 1.0 -8.0
-0.96 1.0 -7.96
-0.92 1.0 -7.91
-0.88 1.0 -7.87
-0.84 1.0 -7.81
-0.8 1.0 -7.76
-0.76 1.0 -7.7
-0.71 1.0 -7.63
-0.67 1.0 -7.56
-0.63 1.0 -7.49
-0.59 1.0 -7.42
-0.55 1.0 -7.35
-0.51 1.0 -7.27
-0.47 1.0 -7.19
-0.43 1.0 -7.11
-0.39 1.0 -7.02
-0.35 1.0 -6.93
-0.31 1.0 -6.83
-0.27 1.0 -6.74
-0.22 1.0 -6.61
-0.18 1.0 -6.51
-0.14 1.0 -6.4
-0.1 1.0 -6.29
-0.06 1.0 -6.18
-0.02 1.0 -6.06
0.02 1.0 -5.94
0.06 1.0 -5.82
0.1 1.0 -5.69
0.14 1.0 -5.56
0.18 1.0 -5.43
0.22 1.0 -5.29
0.27 1.0 -5.12
0.31 1.0 -4.97
0.35 1.0 -4.83
0.39 1.0 -4.68
0.43 1.0 -4.53
0.47 1.0 -4.37
0.51 1.0 -4.21
0.55 1.0 -4.05
0.59 1.0 -3.88
0.63 1.0 -3.71
0.67 1.0 -3.54
0.71 1.0 -3.37
0.76 1.0 -3.14
0.8 1.0 -2.96
0.84 1.0 -2.77
0.88 1.0 -2.59
0.92 1.0 -2.39
0.96 1.0 -2.2
1.0 1.0 -2.0
