1 100 -5 6 628
-3.14 1.57
-3.13 1.64
-3.12 1.72
-3.11 1.8
-3.1 1.89
-3.09 1.98
-3.08 2.08
-3.07 2.19
-3.06 2.32
-3.05 2.45
-3.04 2.6
-3.03 2.76
-3.02 2.94
-3.01 3.15
-3.0 3.38
-2.99 3.65
-2.98 3.96
-2.97 4.32
-2.96 4.75
-2.95 5.27
-2.94 5.91
-2.93 6.73
-2.92 7.79
-2.91 9.26
-2.9 11.38
-2.89 14.77
-2.88 20.99
-2.87 36.21
-2.86 131.39
-2.85 -80.71
-2.84 -30.86
-2.83 -19.07
-2.82 -13.79
-2.81 -10.79
-2.8 -8.86
-2.79 -7.51
-2.78 -6.51
-2.77 -5.74
-2.76 -5.13
-2.75 -4.64
-2.74 -4.23
-2.73 -3.88
-2.72 -3.58
-2.71 -3.32
-2.7 -3.1
-2.69 -2.9
-2.68 -2.72
-2.67 -2.56
-2.66 -2.42
-2.65 -2.29
-2.64 -2.17
-2.63 -2.06
-2.62 -1.96
-2.61 -1.86
-2.6 -1.78
-2.59 -1.7
-2.58 -1.62
-2.57 -1.55
-2.56 -1.49
-2.55 -1.42
-2.54 -1.36
-2.53 -1.31
-2.52 -1.26
-2.51 -1.21
-2.5 -1.16
-2.49 -1.11
-2.48 -1.07
-2.47 -1.03
-2.46 -0.99
-2.45 -0.95
-2.44 -0.91
-2.43 -0.87
-2.42 -0.84
-2.41 -0.81
-2.4 -0.77
-2.39 -0.74
-2.38 -0.71
-2.37 -0.68
-2.36 -0.65
-2.35 -0.62
-2.34 -0.6
-2.33 -0.57
-2.32 -0.54
-2.31 -0.52
-2.3 -0.49
-2.29 -0.47
-2.28 -0.44
-2.27 -0.42
-2.26 -0.4
-2.25 -0.37
-2.24 -0.35
-2.23 -0.33
-2.22 -0.31
-2.21 -0.29
-2.2 -0.26
-2.19 -0.24
-2.18 -0.22
-2.17 -0.2
-2.16 -0.18
-2.15 -0.16
-2.14 -0.14
-2.13 -0.12
-2.12 -0.1
-2.11 -0.08
-2.1 -0.06
-2.09 -0.04
-2.08 -0.02
-2.07 0.0
-2.06 0.02
-2.05 0.04
-2.04 0.06
-2.03 0.08
-2.02 0.1
-2.01 0.12
-2.0 0.14
-1.99 0.16
-1.98 0.18
-1.97 0.2
-1.96 0.23
-1.95 0.25
-1.94 0.27
-1.93 0.29
-1.92 0.31
-1.91 0.33
-1.9 0.36
-1.89 0.38
-1.88 0.4
-1.87 0.42
-1.86 0.45
-1.85 0.47
-1.84 0.5
-1.83 0.52
-1.82 0.55
-1.81 0.57
-1.8 0.6
-1.79 0.63
-1.78 0.66
-1.77 0.69
-1.76 0.72
-1.75 0.75
-1.74 0.78
-1.73 0.81
-1.72 0.85
-1.71 0.88
-1.7 0.92
-1.69 0.95
-1.68 0.99
-1.67 1.03
-1.66 1.08
-1.65 1.12
-1.64 1.17
-1.63 1.21
-1.62 1.26
-1.61 1.32
-1.6 1.37
-1.59 1.43
-1.58 1.5
-1.57 1.56
-1.56 1.63
-1.55 1.71
-1.54 1.79
-1.53 1.88
-1.52 1.97
-1.51 2.07
-1.5 2.19
-1.49 2.31
-1.48 2.44
-1.47 2.58
-1.46 2.75
-1.45 2.93
-1.44 3.13
-1.43 3.36
-1.42 3.62
-1.41 3.93
-1.4 4.29
-1.39 4.71
-1.38 5.22
-1.37 5.85
-1.36 6.65
-1.35 7.7
-1.34 9.12
-1.33 11.18
-1.32 14.43
-1.31 20.31
-1.3 34.23
-1.29 108.65
-1.28 -92.62
-1.27 -32.46
-1.26 -19.67
-1.25 -14.1
-1.24 -10.98
-1.23 -8.99
-1.22 -7.6
-1.21 -6.58
-1.2 -5.8
-1.19 -5.18
-1.18 -4.67
-1.17 -4.26
-1.16 -3.9
-1.15 -3.6
-1.14 -3.34
-1.13 -3.11
-1.12 -2.91
-1.11 -2.73
-1.1 -2.57
-1.09 -2.43
-1.08 -2.3
-1.07 -2.18
-1.06 -2.07
-1.05 -1.96
-1.04 -1.87
-1.03 -1.78
-1.02 -1.7
-1.01 -1.63
-1.0 -1.56
-0.99 -1.49
-0.98 -1.43
-0.97 -1.37
-0.96 -1.31
-0.95 -1.26
-0.94 -1.21
-0.93 -1.16
-0.92 -1.12
-0.91 -1.07
-0.9 -1.03
-0.89 -0.99
-0.88 -0.95
-0.87 -0.91
-0.86 -0.88
-0.85 -0.84
-0.84 -0.81
-0.83 -0.78
-0.82 -0.74
-0.81 -0.71
-0.8 -0.68
-0.79 -0.66
-0.78 -0.63
-0.77 -0.6
-0.76 -0.57
-0.75 -0.55
-0.74 -0.52
-0.73 -0.5
-0.72 -0.47
-0.71 -0.45
-0.7 -0.42
-0.69 -0.4
-0.68 -0.38
-0.67 -0.35
-0.66 -0.33
-0.65 -0.31
-0.64 -0.29
-0.63 -0.27
-0.62 -0.24
-0.61 -0.22
-0.6 -0.2
-0.59 -0.18
-0.58 -0.16
-0.57 -0.14
-0.56 -0.12
-0.55 -0.1
-0.54 -0.08
-0.53 -0.06
-0.52 -0.04
-0.51 -0.02
-0.5 0.0
-0.49 0.02
-0.48 0.04
-0.47 0.06
-0.46 0.08
-0.45 0.1
-0.44 0.12
-0.43 0.14
-0.42 0.16
-0.41 0.18
-0.4 0.2
-0.39 0.22
-0.38 0.24
-0.37 0.27
-0.36 0.29
-0.35 0.31
-0.34 0.33
-0.33 0.35
-0.32 0.38
-0.31 0.4
-0.3 0.42
-0.29 0.45
-0.28 0.47
-0.27 0.5
-0.26 0.52
-0.25 0.55
-0.24 0.57
-0.23 0.6
-0.22 0.63
-0.21 0.66
-0.2 0.68
-0.19 0.71
-0.18 0.74
-0.17 0.78
-0.16 0.81
-0.15 0.84
-0.14 0.88
-0.13 0.91
-0.12 0.95
-0.11 0.99
-0.1 1.03
-0.09 1.07
-0.08 1.12
-0.07 1.16
-0.06 1.21
-0.05 1.26
-0.04 1.31
-0.03 1.37
-0.02 1.43
-0.01 1.49
0.01 1.63
0.02 1.7
0.03 1.78
0.04 1.87
0.05 1.96
0.06 2.07
0.07 2.18
0.08 2.3
0.09 2.43
0.1 2.57
0.11 2.73
0.12 2.91
0.13 3.11
0.14 3.34
0.15 3.6
0.16 3.9
0.17 4.26
0.18 4.67
0.19 5.18
0.2 5.8
0.21 6.58
0.22 7.6
0.23 8.99
0.24 10.98
0.25 14.1
0.26 19.67
0.27 32.46
0.28 92.62
0.29 -108.65
0.3 -34.23
0.31 -20.31
0.32 -14.43
0.33 -11.18
0.34 -9.12
0.35 -7.7
0.36 -6.65
0.37 -5.85
0.38 -5.22
0.39 -4.71
0.4 -4.29
0.41 -3.93
0.42 -3.62
0.43 -3.36
0.44 -3.13
0.45 -2.93
0.46 -2.75
0.47 -2.58
0.48 -2.44
0.49 -2.31
0.5 -2.19
0.51 -2.07
0.52 -1.97
0.53 -1.88
0.54 -1.79
0.55 -1.71
0.56 -1.63
0.57 -1.56
0.58 -1.5
0.59 -1.43
0.6 -1.37
0.61 -1.32
0.62 -1.26
0.63 -1.21
0.64 -1.17
0.65 -1.12
0.66 -1.08
0.67 -1.03
0.68 -0.99
0.69 -0.95
0.7 -0.92
0.71 -0.88
0.72 -0.85
0.73 -0.81
0.74 -0.78
0.75 -0.75
0.76 -0.72
0.77 -0.69
0.78 -0.66
0.79 -0.63
0.8 -0.6
0.81 -0.57
0.82 -0.55
0.83 -0.52
0.84 -0.5
0.85 -0.47
0.86 -0.45
0.87 -0.42
0.88 -0.4
0.89 -0.38
0.9 -0.36
0.91 -0.33
0.92 -0.31
0.93 -0.29
0.94 -0.27
0.95 -0.25
0.96 -0.23
0.97 -0.2
0.98 -0.18
0.99 -0.16
1.0 -0.14
1.01 -0.12
1.02 -0.1
1.03 -0.08
1.04 -0.06
1.05 -0.04
1.06 -0.02
1.07 -0.0
1.08 0.02
1.09 0.04
1.1 0.06
1.11 0.08
1.12 0.1
1.13 0.12
1.14 0.14
1.15 0.16
1.16 0.18
1.17 0.2
1.18 0.22
1.19 0.24
1.2 0.26
1.21 0.29
1.22 0.31
1.23 0.33
1.24 0.35
1.25 0.37
1.26 0.4
1.27 0.42
1.28 0.44
1.29 0.47
1.3 0.49
1.31 0.52
1.32 0.54
1.33 0.57
1.34 0.6
1.35 0.62
1.36 0.65
1.37 0.68
1.38 0.71
1.39 0.74
1.4 0.77
1.41 0.81
1.42 0.84
1.43 0.87
1.44 0.91
1.45 0.95
1.46 0.99
1.47 1.03
1.48 1.07
1.49 1.11
1.5 1.16
1.51 1.21
1.52 1.26
1.53 1.31
1.54 1.36
1.55 1.42
1.56 1.49
1.57 1.55
1.58 1.62
1.59 1.7
1.6 1.78
1.61 1.86
1.62 1.96
1.63 2.06
1.64 2.17
1.65 2.29
1.66 2.42
1.67 2.56
1.68 2.72
1.69 2.9
1.7 3.1
1.71 3.32
1.72 3.58
1.73 3.88
1.74 4.23
1.75 4.64
1.76 5.13
1.77 5.74
1.78 6.51
1.79 7.51
1.8 8.86
1.81 10.79
1.82 13.79
1.83 19.07
1.84 30.86
1.85 80.71
1.86 -131.39
1.87 -36.21
1.88 -20.99
1.89 -14.77
1.9 -11.38
1.91 -9.26
1.92 -7.79
1.93 -6.73
1.94 -5.91
1.95 -5.27
1.96 -4.75
1.97 -4.32
1.98 -3.96
1.99 -3.65
2.0 -3.38
2.01 -3.15
2.02 -2.94
2.03 -2.76
2.04 -2.6
2.05 -2.45
2.06 -2.32
2.07 -2.19
2.08 -2.08
2.09 -1.98
2.1 -1.89
2.11 -1.8
2.12 -1.72
2.13 -1.64
2.14 -1.57
2.15 -1.5
2.16 -1.44
2.17 -1.38
2.18 -1.32
2.19 -1.27
2.2 -1.22
2.21 -1.17
2.22 -1.12
2.23 -1.08
2.24 -1.04
2.25 -1.0
2.26 -0.96
2.27 -0.92
2.28 -0.88
2.29 -0.85
2.3 -0.81
2.31 -0.78
2.32 -0.75
2.33 -0.72
2.34 -0.69
2.35 -0.66
2.36 -0.63
2.37 -0.6
2.38 -0.58
2.39 -0.55
2.4 -0.52
2.41 -0.5
2.42 -0.47
2.43 -0.45
2.44 -0.43
2.45 -0.4
2.46 -0.38
2.47 -0.36
2.48 -0.33
2.49 -0.31
2.5 -0.29
2.51 -0.27
2.52 -0.25
2.53 -0.23
2.54 -0.21
2.55 -0.19
2.56 -0.16
2.57 -0.14
2.58 -0.12
2.59 -0.1
2.6 -0.08
2.61 -0.06
2.62 -0.04
2.63 -0.02
2.64 -0.0
2.65 0.02
2.66 0.04
2.67 0.06
2.68 0.08
2.69 0.1
2.7 0.12
2.71 0.14
2.72 0.16
2.73 0.18
2.74 0.2
2.75 0.22
2.76 0.24
2.77 0.26
2.78 0.28
2.79 0.31
2.8 0.33
2.81 0.35
2.82 0.37
2.83 0.4
2.84 0.42
2.85 0.44
2.86 0.47
2.87 0.49
2.88 0.52
2.89 0.54
2.9 0.57
2.91 0.6
2.92 0.62
2.93 0.65
2.94 0.68
2.95 0.71
2.96 0.74
2.97 0.77
2.98 0.8
2.99 0.84
3.0 0.87
3.01 0.91
3.02 0.94
3.03 0.98
3.04 1.02
3.05 1.06
3.06 1.11
3.07 1.15
3.08 1.2
3.09 1.25
3.1 1.3
3.11 1.36
3.12 1.42
3.13 1.48
3.14 1.55
