2 100 -5 17 2500
-10.0 -10.0 -30.0
-9.59 -10.0 -29.59
-9.18 -10.0 -29.18
-8.78 -10.0 -28.78
-8.37 -10.0 -28.37
-7.96 -10.0 -27.96
-7.55 -10.0 -27.55
-7.14 -10.0 -27.14
-6.73 -10.0 -26.73
-6.33 -10.0 -26.33
-5.92 -10.0 -25.92
-5.51 -10.0 -25.51
-5.1 -10.0 -25.1
-4.69 -10.0 -24.69
-4.29 -10.0 -24.29
-3.88 -10.0 -23.88
-3.47 -10.0 -23.47
-3.06 -10.0 -23.06
-2.65 -10.0 -22.65
-2.24 -10.0 -22.24
-1.84 -10.0 -21.84
-1.43 -10.0 -21.43
-1.02 -10.0 -21.02
-0.61 -10.0 -20.61
-0.2 -10.0 -20.2
0.2 -10.0 -19.8
0.61 -10.0 -19.39
1.02 -10.0 -18.98
1.43 -10.0 -18.57
1.84 -10.0 -18.16
2.24 -10.0 -17.76
2.65 -10.0 -17.35
3.06 -10.0 -16.94
3.47 -10.0 -16.53
3.88 -10.0 -16.12
4.29 -10.0 -15.71
4.69 -10.0 -15.31
5.1 -10.0 -14.9
5.51 -10.0 -14.49
5.92 -10.0 -14.08
6.33 -10.0 -13.67
6.73 -10.0 -13.27
7.14 -10.0 -12.86
7.55 -10.0 -12.45
7.96 -10.0 -12.04
8.37 -10.0 -11.63
8.78 -10.0 -11.22
9.18 -10.0 -10.82
9.59 -10.0 -10.41
10.0 -10.0 -10.0
-10.0 -9.59 -29.18
-9.59 -9.59 -28.77
-9.18 -9.59 -28.36
-8.78 -9.59 -27.96
-8.37 -9.59 -27.55
-7.96 -9.59 -27.14
-7.55 -9.59 -26.73
-7.14 -9.59 -26.32
-6.73 -9.59 -25.91
-6.33 -9.59 -25.51
-5.92 -9.59 -25.1
-5.51 -9.59 -24.69
-5.1 -9.59 -24.28
-4.69 -9.59 -23.87
-4.29 -9.59 -23.47
-3.88 -9.59 -23.06
-3.47 -9.59 -22.65
-3.06 -9.59 -22.24
-2.65 -9.59 -21.83
-2.24 -9.59 -21.42
-1.84 -9.59 -21.02
-1.43 -9.59 -20.61
-1.02 -9.59 -20.2
-0.61 -9.59 -19.79
-0.2 -9.59 -19.38
0.2 -9.59 -18.98
0.61 -9.59 -18.57
1.02 -9.59 -18.16
1.43 -9.59 -17.75
1.84 -9.59 -17.34
2.24 -9.59 -16.94
2.65 -9.59 -16.53
3.06 -9.59 -16.12
3.47 -9.59 -15.71
3.88 -9.59 -15.3
4.29 -9.59 -14.89
4.69 -9.59 -14.49
5.1 -9.59 -14.08
5.51 -9.59 -13.67
5.92 -9.59 -13.26
6.33 -9.59 -12.85
6.73 -9.59 -12.45
7.14 -9.59 -12.04
7.55 -9.59 -11.63
7.96 -9.59 -11.22
8.37 -9.59 -10.81
8.78 -9.59 -10.4
9.18 -9.59 -10.0
9.59 -9.59 -9.59
10.0 -9.59 -9.18
-10.0 -9.18 -28.36
-9.59 -9.18 -27.95
-9.18 -9.18 -27.54
-8.78 -9.18 -27.14
-8.37 -9.18 -26.73
-7.96 -9.18 -26.32
-7.55 -9.18 -25.91
-7.14 -9.18 -25.5
-6.73 -9.18 -25.09
-6.33 -9.18 -24.69
-5.92 -9.18 -24.28
-5.51 -9.18 -23.87
-5.1 -9.18 -23.46
-4.69 -9.18 -23.05
-4.29 -9.18 -22.65
-3.88 -9.18 -22.24
-3.47 -9.18 -21.83
-3.06 -9.18 -21.42
-2.65 -9.18 -21.01
-2.24 -9.18 -20.6
-1.84 -9.18 -20.2
-1.43 -9.18 -19.79
-1.02 -9.18 -19.38
-0.61 -9.18 -18.97
-0.2 -9.18 -18.56
0.2 -9.18 -18.16
0.61 -9.18 -17.75
1.02 -9.18 -17.34
1.43 -9.18 -16.93
1.84 -9.18 -16.52
2.24 -9.18 -16.12
2.65 -9.18 -15.71
3.06 -9.18 -15.3
3.47 -9.18 -14.89
3.88 -9.18 -14.48
4.29 -9.18 -14.07
4.69 -9.18 -13.67
5.1 -9.18 -13.26
5.51 -9.18 -12.85
5.92 -9.18 -12.44
6.33 -9.18 -12.03
6.73 -9.18 -11.63
7.14 -9.18 -11.22
7.55 -9.18 -10.81
7.96 -9.18 -10.4
8.37 -9.18 -9.99
8.78 -9.18 -9.58
9.18 -9.18 -9.18
9.59 -9.18 -8.77
10.0 -9.18 -8.36
-10.0 -8.78 -27.56
-9.59 -8.78 -27.15
-9.18 -8.78 -26.74
-8.78 -8.78 -26.34
-8.37 -8.78 -25.93
-7.96 -8.78 -25.52
-7.55 -8.78 -25.11
-7.14 -8.78 -24.7
-6.73 -8.78 -24.29
-6.33 -8.78 -23.89
-5.92 -8.78 -23.48
-5.51 -8.78 -23.07
-5.1 -8.78 -22.66
-4.69 -8.78 -22.25
-4.29 -8.78 -21.85
-3.88 -8.78 -21.44
-3.47 -8.78 -21.03
-3.06 -8.78 -20.62
-2.65 -8.78 -20.21
-2.24 -8.78 -19.8
-1.84 -8.78 -19.4
-1.43 -8.78 -18.99
-1.02 -8.78 -18.58
-0.61 -8.78 -18.17
-0.2 -8.78 -17.76
0.2 -8.78 -17.36
0.61 -8.78 -16.95
1.02 -8.78 -16.54
1.43 -8.78 -16.13
1.84 -8.78 -15.72
2.24 -8.78 -15.32
2.65 -8.78 -14.91
3.06 -8.78 -14.5
3.47 -8.78 -14.09
3.88 -8.78 -13.68
4.29 -8.78 -13.27
4.69 -8.78 -12.87
5.1 -8.78 -12.46
5.51 -8.78 -12.05
5.92 -8.78 -11.64
6.33 -8.78 -11.23
6.73 -8.78 -10.83
7.14 -8.78 -10.42
7.55 -8.78 -10.01
7.96 -8.78 -9.6
8.37 -8.78 -9.19
8.78 -8.78 -8.78
9.18 -8.78 -8.38
9.59 -8.78 -7.97
10.0 -8.78 -7.56
-10.0 -8.37 -26.74
-9.59 -8.37 -26.33
-9.18 -8.37 -25.92
-8.78 -8.37 -25.52
-8.37 -8.37 -25.11
-7.96 -8.37 -24.7
-7.55 -8.37 -24.29
-7.14 -8.37 -23.88
-6.73 -8.37 -23.47
-6.33 -8.37 -23.07
-5.92 -8.37 -22.66
-5.51 -8.37 -22.25
-5.1 -8.37 -21.84
-4.69 -8.37 -21.43
-4.29 -8.37 -21.03
-3.88 -8.37 -20.62
-3.47 -8.37 -20.21
-3.06 -8.37 -19.8
-2.65 -8.37 -19.39
-2.24 -8.37 -18.98
-1.84 -8.37 -18.58
-1.43 -8.37 -18.17
-1.02 -8.37 -17.76
-0.61 -8.37 -17.35
-0.2 -8.37 -16.94
0.2 -8.37 -16.54
0.61 -8.37 -16.13
1.02 -8.37 -15.72
1.43 -8.37 -15.31
1.84 -8.37 -14.9
2.24 -8.37 -14.5
2.65 -8.37 -14.09
3.06 -8.37 -13.68
3.47 -8.37 -13.27
3.88 -8.37 -12.86
4.29 -8.37 -12.45
4.69 -8.37 -12.05
5.1 -8.37 -11.64
5.51 -8.37 -11.23
5.92 -8.37 -10.82
6.33 -8.37 -10.41
6.73 -8.37 -10.01
7.14 -8.37 -9.6
7.55 -8.37 -9.19
7.96 -8.37 -8.78
8.37 -8.37 -8.37
8.78 -8.37 -7.96
9.18 -8.37 -7.56
9.59 -8.37 -7.15
10.0 -8.37 -6.74
-10.0 -7.96 -25.92
-9.59 -7.96 -25.51
-9.18 -7.96 -25.1
-8.78 -7.96 -24.7
-8.37 -7.96 -24.29
-7.96 -7.96 -23.88
-7.55 -7.96 -23.47
-7.14 -7.96 -23.06
-6.73 -7.96 -22.65
-6.33 -7.96 -22.25
-5.92 -7.96 -21.84
-5.51 -7.96 -21.43
-5.1 -7.96 -21.02
-4.69 -7.96 -20.61
-4.29 -7.96 -20.21
-3.88 -7.96 -19.8
-3.47 -7.96 -19.39
-3.06 -7.96 -18.98
-2.65 -7.96 -18.57
-2.24 -7.96 -18.16
-1.84 -7.96 -17.76
-1.43 -7.96 -17.35
-1.02 -7.96 -16.94
-0.61 -7.96 -16.53
-0.2 -7.96 -16.12
0.2 -7.96 -15.72
0.61 -7.96 -15.31
1.02 -7.96 -14.9
1.43 -7.96 -14.49
1.84 -7.96 -14.08
2.24 -7.96 -13.68
2.65 -7.96 -13.27
3.06 -7.96 -12.86
3.47 -7.96 -12.45
3.88 -7.96 -12.04
4.29 -7.96 -11.63
4.69 -7.96 -11.23
5.1 -7.96 -10.82
5.51 -7.96 -10.41
5.92 -7.96 -10.0
6.33 -7.96 -9.59
6.73 -7.96 -9.19
7.14 -7.96 -8.78
7.55 -7.96 -8.37
7.96 -7.96 -7.96
8.37 -7.96 -7.55
8.78 -7.96 -7.14
9.18 -7.96 -6.74
9.59 -7.96 -6.33
10.0 -7.96 -5.92
-10.0 -7.55 -25.1
-9.59 -7.55 -24.69
-9.18 -7.55 -24.28
-8.78 -7.55 -23.88
-8.37 -7.55 -23.47
-7.96 -7.55 -23.06
-7.55 -7.55 -22.65
-7.14 -7.55 -22.24
-6.73 -7.55 -21.83
-6.33 -7.55 -21.43
-5.92 -7.55 -21.02
-5.51 -7.55 -20.61
-5.1 -7.55 -20.2
-4.69 -7.55 -19.79
-4.29 -7.55 -19.39
-3.88 -7.55 -18.98
-3.47 -7.55 -18.57
-3.06 -7.55 -18.16
-2.65 -7.55 -17.75
-2.24 -7.55 -17.34
-1.84 -7.55 -16.94
-1.43 -7.55 -16.53
-1.02 -7.55 -16.12
-0.61 -7.55 -15.71
-0.2 -7.55 -15.3
0.2 -7.55 -14.9
0.61 -7.55 -14.49
1.02 -7.55 -14.08
1.43 -7.55 -13.67
1.84 -7.55 -13.26
2.24 -7.55 -12.86
2.65 -7.55 -12.45
3.06 -7.55 -12.04
3.47 -7.55 -11.63
3.88 -7.55 -11.22
4.29 -7.55 -10.81
4.69 -7.55 -10.41
5.1 -7.55 -10.0
5.51 -7.55 -9.59
5.92 -7.55 -9.18
6.33 -7.55 -8.77
6.73 -7.55 -8.37
7.14 -7.55 -7.96
7.55 -7.55 -7.55
7.96 -7.55 -7.14
8.37 -7.55 -6.73
8.78 -7.55 -6.32
9.18 -7.55 -5.92
9.59 -7.55 -5.51
10.0 -7.55 -5.1
-10.0 -7.14 -24.28
-9.59 -7.14 -23.87
-9.18 -7.14 -23.46
-8.78 -7.14 -23.06
-8.37 -7.14 -22.65
-7.96 -7.14 -22.24
-7.55 -7.14 -21.83
-7.14 -7.14 -21.42
-6.73 -7.14 -21.01
-6.33 -7.14 -20.61
-5.92 -7.14 -20.2
-5.51 -7.14 -19.79
-5.1 -7.14 -19.38
-4.69 -7.14 -18.97
-4.29 -7.14 -18.57
-3.88 -7.14 -18.16
-3.47 -7.14 -17.75
-3.06 -7.14 -17.34
-2.65 -7.14 -16.93
-2.24 -7.14 -16.52
-1.84 -7.14 -16.12
-1.43 -7.14 -15.71
-1.02 -7.14 -15.3
-0.61 -7.14 -14.89
-0.2 -7.14 -14.48
0.2 -7.14 -14.08
0.61 -7.14 -13.67
1.02 -7.14 -13.26
1.43 -7.14 -12.85
1.84 -7.14 -12.44
2.24 -7.14 -12.04
2.65 -7.14 -11.63
3.06 -7.14 -11.22
3.47 -7.14 -10.81
3.88 -7.14 -10.4
4.29 -7.14 -9.99
4.69 -7.14 -9.59
5.1 -7.14 -9.18
5.51 -7.14 -8.77
5.92 -7.14 -8.36
6.33 -7.14 -7.95
6.73 -7.14 -7.55
7.14 -7.14 -7.14
7.55 -7.14 -6.73
7.96 -7.14 -6.32
8.37 -7.14 -5.91
8.78 -7.14 -5.5
9.18 -7.14 -5.1
9.59 -7.14 -4.69
10.0 -7.14 -4.28
-10.0 -6.73 -23.46
-9.59 -6.73 -23.05
-9.18 -6.73 -22.64
-8.78 -6.73 -22.24
-8.37 -6.73 -21.83
-7.96 -6.73 -21.42
-7.55 -6.73 -21.01
-7.14 -6.73 -20.6
-6.73 -6.73 -20.19
-6.33 -6.73 -19.79
-5.92 -6.73 -19.38
-5.51 -6.73 -18.97
-5.1 -6.73 -18.56
-4.69 -6.73 -18.15
-4.29 -6.73 -17.75
-3.88 -6.73 -17.34
-3.47 -6.73 -16.93
-3.06 -6.73 -16.52
-2.65 -6.73 -16.11
-2.24 -6.73 -15.7
-1.84 -6.73 -15.3
-1.43 -6.73 -14.89
-1.02 -6.73 -14.48
-0.61 -6.73 -14.07
-0.2 -6.73 -13.66
0.2 -6.73 -13.26
0.61 -6.73 -12.85
1.02 -6.73 -12.44
1.43 -6.73 -12.03
1.84 -6.73 -11.62
2.24 -6.73 -11.22
2.65 -6.73 -10.81
3.06 -6.73 -10.4
3.47 -6.73 -9.99
3.88 -6.73 -9.58
4.29 -6.73 -9.17
4.69 -6.73 -8.77
5.1 -6.73 -8.36
5.51 -6.73 -7.95
5.92 -6.73 -7.54
6.33 -6.73 -7.13
6.73 -6.73 -6.73
7.14 -6.73 -6.32
7.55 -6.73 -5.91
7.96 -6.73 -5.5
8.37 -6.73 -5.09
8.78 -6.73 -4.68
9.18 -6.73 -4.28
9.59 -6.73 -3.87
10.0 -6.73 -3.46
-10.0 -6.33 -22.66
-9.59 -6.33 -22.25
-9.18 -6.33 -21.84
-8.78 -6.33 -21.44
-8.37 -6.33 -21.03
-7.96 -6.33 -20.62
-7.55 -6.33 -20.21
-7.14 -6.33 -19.8
-6.73 -6.33 -19.39
-6.33 -6.33 -18.99
-5.92 -6.33 -18.58
-5.51 -6.33 -18.17
-5.1 -6.33 -17.76
-4.69 -6.33 -17.35
-4.29 -6.33 -16.95
-3.88 -6.33 -16.54
-3.47 -6.33 -16.13
-3.06 -6.33 -15.72
-2.65 -6.33 -15.31
-2.24 -6.33 -14.9
-1.84 -6.33 -14.5
-1.43 -6.33 -14.09
-1.02 -6.33 -13.68
-0.61 -6.33 -13.27
-0.2 -6.33 -12.86
0.2 -6.33 -12.46
0.61 -6.33 -12.05
1.02 -6.33 -11.64
1.43 -6.33 -11.23
1.84 -6.33 -10.82
2.24 -6.33 -10.42
2.65 -6.33 -10.01
3.06 -6.33 -9.6
3.47 -6.33 -9.19
3.88 -6.33 -8.78
4.29 -6.33 -8.37
4.69 -6.33 -7.97
5.1 -6.33 -7.56
5.51 -6.33 -7.15
5.92 -6.33 -6.74
6.33 -6.33 -6.33
6.73 -6.33 -5.93
7.14 -6.33 -5.52
7.55 -6.33 -5.11
7.96 -6.33 -4.7
8.37 -6.33 -4.29
8.78 -6.33 -3.88
9.18 -6.33 -3.48
9.59 -6.33 -3.07
10.0 -6.33 -2.66
-10.0 -5.92 -21.84
-9.59 -5.92 -21.43
-9.18 -5.92 -21.02
-8.78 -5.92 -20.62
-8.37 -5.92 -20.21
-7.96 -5.92 -19.8
-7.55 -5.92 -19.39
-7.14 -5.92 -18.98
-6.73 -5.92 -18.57
-6.33 -5.92 -18.17
-5.92 -5.92 -17.76
-5.51 -5.92 -17.35
-5.1 -5.92 -16.94
-4.69 -5.92 -16.53
-4.29 -5.92 -16.13
-3.88 -5.92 -15.72
-3.47 -5.92 -15.31
-3.06 -5.92 -14.9
-2.65 -5.92 -14.49
-2.24 -5.92 -14.08
-1.84 -5.92 -13.68
-1.43 -5.92 -13.27
-1.02 -5.92 -12.86
-0.61 -5.92 -12.45
-0.2 -5.92 -12.04
0.2 -5.92 -11.64
0.61 -5.92 -11.23
1.02 -5.92 -10.82
1.43 -5.92 -10.41
1.84 -5.92 -10.0
2.24 -5.92 -9.6
2.65 -5.92 -9.19
3.06 -5.92 -8.78
3.47 -5.92 -8.37
3.88 -5.92 -7.96
4.29 -5.92 -7.55
4.69 -5.92 -7.15
5.1 -5.92 -6.74
5.51 -5.92 -6.33
5.92 -5.92 -5.92
6.33 -5.92 -5.51
6.73 -5.92 -5.11
7.14 -5.92 -4.7
7.55 -5.92 -4.29
7.96 -5.92 -3.88
8.37 -5.92 -3.47
8.78 -5.92 -3.06
9.18 -5.92 -2.66
9.59 -5.92 -2.25
10.0 -5.92 -1.84
-10.0 -5.51 -21.02
-9.59 -5.51 -20.61
-9.18 -5.51 -20.2
-8.78 -5.51 -19.8
-8.37 -5.51 -19.39
-7.96 -5.51 -18.98
-7.55 -5.51 -18.57
-7.14 -5.51 -18.16
-6.73 -5.51 -17.75
-6.33 -5.51 -17.35
-5.92 -5.51 -16.94
-5.51 -5.51 -16.53
-5.1 -5.51 -16.12
-4.69 -5.51 -15.71
-4.29 -5.51 -15.31
-3.88 -5.51 -14.9
-3.47 -5.51 -14.49
-3.06 -5.51 -14.08
-2.65 -5.51 -13.67
-2.24 -5.51 -13.26
-1.84 -5.51 -12.86
-1.43 -5.51 -12.45
-1.02 -5.51 -12.04
-0.61 -5.51 -11.63
-0.2 -5.51 -11.22
0.2 -5.51 -10.82
0.61 -5.51 -10.41
1.02 -5.51 -10.0
1.43 -5.51 -9.59
1.84 -5.51 -9.18
2.24 -5.51 -8.78
2.65 -5.51 -8.37
3.06 -5.51 -7.96
3.47 -5.51 -7.55
3.88 -5.51 -7.14
4.29 -5.51 -6.73
4.69 -5.51 -6.33
5.1 -5.51 -5.92
5.51 -5.51 -5.51
5.92 -5.51 -5.1
6.33 -5.51 -4.69
6.73 -5.51 -4.29
7.14 -5.51 -3.88
7.55 -5.51 -3.47
7.96 -5.51 -3.06
8.37 -5.51 -2.65
8.78 -5.51 -2.24
9.18 -5.51 -1.84
9.59 -5.51 -1.43
10.0 -5.51 -1.02
-10.0 -5.1 -20.2
-9.59 -5.1 -19.79
-9.18 -5.1 -19.38
-8.78 -5.1 -18.98
-8.37 -5.1 -18.57
-7.96 -5.1 -18.16
-7.55 -5.1 -17.75
-7.14 -5.1 -17.34
-6.73 -5.1 -16.93
-6.33 -5.1 -16.53
-5.92 -5.1 -16.12
-5.51 -5.1 -15.71
-5.1 -5.1 -15.3
-4.69 -5.1 -14.89
-4.29 -5.1 -14.49
-3.88 -5.1 -14.08
-3.47 -5.1 -13.67
-3.06 -5.1 -13.26
-2.65 -5.1 -12.85
-2.24 -5.1 -12.44
-1.84 -5.1 -12.04
-1.43 -5.1 -11.63
-1.02 -5.1 -11.22
-0.61 -5.1 -10.81
-0.2 -5.1 -10.4
0.2 -5.1 -10.0
0.61 -5.1 -9.59
1.02 -5.1 -9.18
1.43 -5.1 -8.77
1.84 -5.1 -8.36
2.24 -5.1 -7.96
2.65 -5.1 -7.55
3.06 -5.1 -7.14
3.47 -5.1 -6.73
3.88 -5.1 -6.32
4.29 -5.1 -5.91
4.69 -5.1 -5.51
5.1 -5.1 -5.1
5.51 -5.1 -4.69
5.92 -5.1 -4.28
6.33 -5.1 -3.87
6.73 -5.1 -3.47
7.14 -5.1 -3.06
7.55 -5.1 -2.65
7.96 -5.1 -2.24
8.37 -5.1 -1.83
8.78 -5.1 -1.42
9.18 -5.1 -1.02
9.59 -5.1 -0.61
10.0 -5.1 -0.2
-10.0 -4.69 -19.38
-9.59 -4.69 -18.97
-9.18 -4.69 -18.56
-8.78 -4.69 -18.16
-8.37 -4.69 -17.75
-7.96 -4.69 -17.34
-7.55 -4.69 -16.93
-7.14 -4.69 -16.52
-6.73 -4.69 -16.11
-6.33 -4.69 -15.71
-5.92 -4.69 -15.3
-5.51 -4.69 -14.89
-5.1 -4.69 -14.48
-4.69 -4.69 -14.07
-4.29 -4.69 -13.67
-3.88 -4.69 -13.26
-3.47 -4.69 -12.85
-3.06 -4.69 -12.44
-2.65 -4.69 -12.03
-2.24 -4.69 -11.62
-1.84 -4.69 -11.22
-1.43 -4.69 -10.81
-1.02 -4.69 -10.4
-0.61 -4.69 -9.99
-0.2 -4.69 -9.58
0.2 -4.69 -9.18
0.61 -4.69 -8.77
1.02 -4.69 -8.36
1.43 -4.69 -7.95
1.84 -4.69 -7.54
2.24 -4.69 -7.14
2.65 -4.69 -6.73
3.06 -4.69 -6.32
3.47 -4.69 -5.91
3.88 -4.69 -5.5
4.29 -4.69 -5.09
4.69 -4.69 -4.69
5.1 -4.69 -4.28
5.51 -4.69 -3.87
5.92 -4.69 -3.46
6.33 -4.69 -3.05
6.73 -4.69 -2.65
7.14 -4.69 -2.24
7.55 -4.69 -1.83
7.96 -4.69 -1.42
8.37 -4.69 -1.01
8.78 -4.69 -0.6
9.18 -4.69 -0.2
9.59 -4.69 0.21
10.0 -4.69 0.62
-10.0 -4.29 -18.58
-9.59 -4.29 -18.17
-9.18 -4.29 -17.76
-8.78 -4.29 -17.36
-8.37 -4.29 -16.95
-7.96 -4.29 -16.54
-7.55 -4.29 -16.13
-7.14 -4.29 -15.72
-6.73 -4.29 -15.31
-6.33 -4.29 -14.91
-5.92 -4.29 -14.5
-5.51 -4.29 -14.09
-5.1 -4.29 -13.68
-4.69 -4.29 -13.27
-4.29 -4.29 -12.87
-3.88 -4.29 -12.46
-3.47 -4.29 -12.05
-3.06 -4.29 -11.64
-2.65 -4.29 -11.23
-2.24 -4.29 -10.82
-1.84 -4.29 -10.42
-1.43 -4.29 -10.01
-1.02 -4.29 -9.6
-0.61 -4.29 -9.19
-0.2 -4.29 -8.78
0.2 -4.29 -8.38
0.61 -4.29 -7.97
1.02 -4.29 -7.56
1.43 -4.29 -7.15
1.84 -4.29 -6.74
2.24 -4.29 -6.34
2.65 -4.29 -5.93
3.06 -4.29 -5.52
3.47 -4.29 -5.11
3.88 -4.29 -4.7
4.29 -4.29 -4.29
4.69 -4.29 -3.89
5.1 -4.29 -3.48
5.51 -4.29 -3.07
5.92 -4.29 -2.66
6.33 -4.29 -2.25
6.73 -4.29 -1.85
7.14 -4.29 -1.44
7.55 -4.29 -1.03
7.96 -4.29 -0.62
8.37 -4.29 -0.21
8.78 -4.29 0.2
9.18 -4.29 0.6
9.59 -4.29 1.01
10.0 -4.29 1.42
-10.0 -3.88 -17.76
-9.59 -3.88 -17.35
-9.18 -3.88 -16.94
-8.78 -3.88 -16.54
-8.37 -3.88 -16.13
-7.96 -3.88 -15.72
-7.55 -3.88 -15.31
-7.14 -3.88 -14.9
-6.73 -3.88 -14.49
-6.33 -3.88 -14.09
-5.92 -3.88 -13.68
-5.51 -3.88 -13.27
-5.1 -3.88 -12.86
-4.69 -3.88 -12.45
-4.29 -3.88 -12.05
-3.88 -3.88 -11.64
-3.47 -3.88 -11.23
-3.06 -3.88 -10.82
-2.65 -3.88 -10.41
-2.24 -3.88 -10.0
-1.84 -3.88 -9.6
-1.43 -3.88 -9.19
-1.02 -3.88 -8.78
-0.61 -3.88 -8.37
-0.2 -3.88 -7.96
0.2 -3.88 -7.56
0.61 -3.88 -7.15
1.02 -3.88 -6.74
1.43 -3.88 -6.33
1.84 -3.88 -5.92
2.24 -3.88 -5.52
2.65 -3.88 -5.11
3.06 -3.88 -4.7
3.47 -3.88 -4.29
3.88 -3.88 -3.88
4.29 -3.88 -3.47
4.69 -3.88 -3.07
5.1 -3.88 -2.66
5.51 -3.88 -2.25
5.92 -3.88 -1.84
6.33 -3.88 -1.43
6.73 -3.88 -1.03
7.14 -3.88 -0.62
7.55 -3.88 -0.21
7.96 -3.88 0.2
8.37 -3.88 0.61
8.78 -3.88 1.02
9.18 -3.88 1.42
9.59 -3.88 1.83
10.0 -3.88 2.24
-10.0 -3.47 -16.94
-9.59 -3.47 -16.53
-9.18 -3.47 -16.12
-8.78 -3.47 -15.72
-8.37 -3.47 -15.31
-7.96 -3.47 -14.9
-7.55 -3.47 -14.49
-7.14 -3.47 -14.08
-6.73 -3.47 -13.67
-6.33 -3.47 -13.27
-5.92 -3.47 -12.86
-5.51 -3.47 -12.45
-5.1 -3.47 -12.04
-4.69 -3.47 -11.63
-4.29 -3.47 -11.23
-3.88 -3.47 -10.82
-3.47 -3.47 -10.41
-3.06 -3.47 -10.0
-2.65 -3.47 -9.59
-2.24 -3.47 -9.18
-1.84 -3.47 -8.78
-1.43 -3.47 -8.37
-1.02 -3.47 -7.96
-0.61 -3.47 -7.55
-0.2 -3.47 -7.14
0.2 -3.47 -6.74
0.61 -3.47 -6.33
1.02 -3.47 -5.92
1.43 -3.47 -5.51
1.84 -3.47 -5.1
2.24 -3.47 -4.7
2.65 -3.47 -4.29
3.06 -3.47 -3.88
3.47 -3.47 -3.47
3.88 -3.47 -3.06
4.29 -3.47 -2.65
4.69 -3.47 -2.25
5.1 -3.47 -1.84
5.51 -3.47 -1.43
5.92 -3.47 -1.02
6.33 -3.47 -0.61
6.73 -3.47 -0.21
7.14 -3.47 0.2
7.55 -3.47 0.61
7.96 -3.47 1.02
8.37 -3.47 1.43
8.78 -3.47 1.84
9.18 -3.47 2.24
9.59 -3.47 2.65
10.0 -3.47 3.06
-10.0 -3.06 -16.12
-9.59 -3.06 -15.71
-9.18 -3.06 -15.3
-8.78 -3.06 -14.9
-8.37 -3.06 -14.49
-7.96 -3.06 -14.08
-7.55 -3.06 -13.67
-7.14 -3.06 -13.26
-6.73 -3.06 -12.85
-6.33 -3.06 -12.45
-5.92 -3.06 -12.04
-5.51 -3.06 -11.63
-5.1 -3.06 -11.22
-4.69 -3.06 -10.81
-4.29 -3.06 -10.41
-3.88 -3.06 -10.0
-3.47 -3.06 -9.59
-3.06 -3.06 -9.18
-2.65 -3.06 -8.77
-2.24 -3.06 -8.36
-1.84 -3.06 -7.96
-1.43 -3.06 -7.55
-1.02 -3.06 -7.14
-0.61 -3.06 -6.73
-0.2 -3.06 -6.32
0.2 -3.06 -5.92
0.61 -3.06 -5.51
1.02 -3.06 -5.1
1.43 -3.06 -4.69
1.84 -3.06 -4.28
2.24 -3.06 -3.88
2.65 -3.06 -3.47
3.06 -3.06 -3.06
3.47 -3.06 -2.65
3.88 -3.06 -2.24
4.29 -3.06 -1.83
4.69 -3.06 -1.43
5.1 -3.06 -1.02
5.51 -3.06 -0.61
5.92 -3.06 -0.2
6.33 -3.06 0.21
6.73 -3.06 0.61
7.14 -3.06 1.02
7.55 -3.06 1.43
7.96 -3.06 1.84
8.37 -3.06 2.25
8.78 -3.06 2.66
9.18 -3.06 3.06
9.59 -3.06 3.47
10.0 -3.06 3.88
-10.0 -2.65 -15.3
-9.59 -2.65 -14.89
-9.18 -2.65 -14.48
-8.78 -2.65 -14.08
-8.37 -2.65 -13.67
-7.96 -2.65 -13.26
-7.55 -2.65 -12.85
-7.14 -2.65 -12.44
-6.73 -2.65 -12.03
-6.33 -2.65 -11.63
-5.92 -2.65 -11.22
-5.51 -2.65 -10.81
-5.1 -2.65 -10.4
-4.69 -2.65 -9.99
-4.29 -2.65 -9.59
-3.88 -2.65 -9.18
-3.47 -2.65 -8.77
-3.06 -2.65 -8.36
-2.65 -2.65 -7.95
-2.24 -2.65 -7.54
-1.84 -2.65 -7.14
-1.43 -2.65 -6.73
-1.02 -2.65 -6.32
-0.61 -2.65 -5.91
-0.2 -2.65 -5.5
0.2 -2.65 -5.1
0.61 -2.65 -4.69
1.02 -2.65 -4.28
1.43 -2.65 -3.87
1.84 -2.65 -3.46
2.24 -2.65 -3.06
2.65 -2.65 -2.65
3.06 -2.65 -2.24
3.47 -2.65 -1.83
3.88 -2.65 -1.42
4.29 -2.65 -1.01
4.69 -2.65 -0.61
5.1 -2.65 -0.2
5.51 -2.65 0.21
5.92 -2.65 0.62
6.33 -2.65 1.03
6.73 -2.65 1.43
7.14 -2.65 1.84
7.55 -2.65 2.25
7.96 -2.65 2.66
8.37 -2.65 3.07
8.78 -2.65 3.48
9.18 -2.65 3.88
9.59 -2.65 4.29
10.0 -2.65 4.7
-10.0 -2.24 -14.48
-9.59 -2.24 -14.07
-9.18 -2.24 -13.66
-8.78 -2.24 -13.26
-8.37 -2.24 -12.85
-7.96 -2.24 -12.44
-7.55 -2.24 -12.03
-7.14 -2.24 -11.62
-6.73 -2.24 -11.21
-6.33 -2.24 -10.81
-5.92 -2.24 -10.4
-5.51 -2.24 -9.99
-5.1 -2.24 -9.58
-4.69 -2.24 -9.17
-4.29 -2.24 -8.77
-3.88 -2.24 -8.36
-3.47 -2.24 -7.95
-3.06 -2.24 -7.54
-2.65 -2.24 -7.13
-2.24 -2.24 -6.72
-1.84 -2.24 -6.32
-1.43 -2.24 -5.91
-1.02 -2.24 -5.5
-0.61 -2.24 -5.09
-0.2 -2.24 -4.68
0.2 -2.24 -4.28
0.61 -2.24 -3.87
1.02 -2.24 -3.46
1.43 -2.24 -3.05
1.84 -2.24 -2.64
2.24 -2.24 -2.24
2.65 -2.24 -1.83
3.06 -2.24 -1.42
3.47 -2.24 -1.01
3.88 -2.24 -0.6
4.29 -2.24 -0.19
4.69 -2.24 0.21
5.1 -2.24 0.62
5.51 -2.24 1.03
5.92 -2.24 1.44
6.33 -2.24 1.85
6.73 -2.24 2.25
7.14 -2.24 2.66
7.55 -2.24 3.07
7.96 -2.24 3.48
8.37 -2.24 3.89
8.78 -2.24 4.3
9.18 -2.24 4.7
9.59 -2.24 5.11
10.0 -2.24 5.52
-10.0 -1.84 -13.68
-9.59 -1.84 -13.27
-9.18 -1.84 -12.86
-8.78 -1.84 -12.46
-8.37 -1.84 -12.05
-7.96 -1.84 -11.64
-7.55 -1.84 -11.23
-7.14 -1.84 -10.82
-6.73 -1.84 -10.41
-6.33 -1.84 -10.01
-5.92 -1.84 -9.6
-5.51 -1.84 -9.19
-5.1 -1.84 -8.78
-4.69 -1.84 -8.37
-4.29 -1.84 -7.97
-3.88 -1.84 -7.56
-3.47 -1.84 -7.15
-3.06 -1.84 -6.74
-2.65 -1.84 -6.33
-2.24 -1.84 -5.92
-1.84 -1.84 -5.52
-1.43 -1.84 -5.11
-1.02 -1.84 -4.7
-0.61 -1.84 -4.29
-0.2 -1.84 -3.88
0.2 -1.84 -3.48
0.61 -1.84 -3.07
1.02 -1.84 -2.66
1.43 -1.84 -2.25
1.84 -1.84 -1.84
2.24 -1.84 -1.44
2.65 -1.84 -1.03
3.06 -1.84 -0.62
3.47 -1.84 -0.21
3.88 -1.84 0.2
4.29 -1.84 0.61
4.69 -1.84 1.01
5.1 -1.84 1.42
5.51 -1.84 1.83
5.92 -1.84 2.24
6.33 -1.84 2.65
6.73 -1.84 3.05
7.14 -1.84 3.46
7.55 -1.84 3.87
7.96 -1.84 4.28
8.37 -1.84 4.69
8.78 -1.84 5.1
9.18 -1.84 5.5
9.59 -1.84 5.91
10.0 -1.84 6.32
-10.0 -1.43 -12.86
-9.59 -1.43 -12.45
-9.18 -1.43 -12.04
-8.78 -1.43 -11.64
-8.37 -1.43 -11.23
-7.96 -1.43 -10.82
-7.55 -1.43 -10.41
-7.14 -1.43 -10.0
-6.73 -1.43 -9.59
-6.33 -1.43 -9.19
-5.92 -1.43 -8.78
-5.51 -1.43 -8.37
-5.1 -1.43 -7.96
-4.69 -1.43 -7.55
-4.29 -1.43 -7.15
-3.88 -1.43 -6.74
-3.47 -1.43 -6.33
-3.06 -1.43 -5.92
-2.65 -1.43 -5.51
-2.24 -1.43 -5.1
-1.84 -1.43 -4.7
-1.43 -1.43 -4.29
-1.02 -1.43 -3.88
-0.61 -1.43 -3.47
-0.2 -1.43 -3.06
0.2 -1.43 -2.66
0.61 -1.43 -2.25
1.02 -1.43 -1.84
1.43 -1.43 -1.43
1.84 -1.43 -1.02
2.24 -1.43 -0.62
2.65 -1.43 -0.21
3.06 -1.43 0.2
3.47 -1.43 0.61
3.88 -1.43 1.02
4.29 -1.43 1.43
4.69 -1.43 1.83
5.1 -1.43 2.24
5.51 -1.43 2.65
5.92 -1.43 3.06
6.33 -1.43 3.47
6.73 -1.43 3.87
7.14 -1.43 4.28
7.55 -1.43 4.69
7.96 -1.43 5.1
8.37 -1.43 5.51
8.78 -1.43 5.92
9.18 -1.43 6.32
9.59 -1.43 6.73
10.0 -1.43 7.14
-10.0 -1.02 -12.04
-9.59 -1.02 -11.63
-9.18 -1.02 -11.22
-8.78 -1.02 -10.82
-8.37 -1.02 -10.41
-7.96 -1.02 -10.0
-7.55 -1.02 -9.59
-7.14 -1.02 -9.18
-6.73 -1.02 -8.77
-6.33 -1.02 -8.37
-5.92 -1.02 -7.96
-5.51 -1.02 -7.55
-5.1 -1.02 -7.14
-4.69 -1.02 -6.73
-4.29 -1.02 -6.33
-3.88 -1.02 -5.92
-3.47 -1.02 -5.51
-3.06 -1.02 -5.1
-2.65 -1.02 -4.69
-2.24 -1.02 -4.28
-1.84 -1.02 -3.88
-1.43 -1.02 -3.47
-1.02 -1.02 -3.06
-0.61 -1.02 -2.65
-0.2 -1.02 -2.24
0.2 -1.02 -1.84
0.61 -1.02 -1.43
1.02 -1.02 -1.02
1.43 -1.02 -0.61
1.84 -1.02 -0.2
2.24 -1.02 0.2
2.65 -1.02 0.61
3.06 -1.02 1.02
3.47 -1.02 1.43
3.88 -1.02 1.84
4.29 -1.02 2.25
4.69 -1.02 2.65
5.1 -1.02 3.06
5.51 -1.02 3.47
5.92 -1.02 3.88
6.33 -1.02 4.29
6.73 -1.02 4.69
7.14 -1.02 5.1
7.55 -1.02 5.51
7.96 -1.02 5.92
8.37 -1.02 6.33
8.78 -1.02 6.74
9.18 -1.02 7.14
9.59 -1.02 7.55
10.0 -1.02 7.96
-10.0 -0.61 -11.22
-9.59 -0.61 -10.81
-9.18 -0.61 -10.4
-8.78 -0.61 -10.0
-8.37 -0.61 -9.59
-7.96 -0.61 -9.18
-7.55 -0.61 -8.77
-7.14 -0.61 -8.36
-6.73 -0.61 -7.95
-6.33 -0.61 -7.55
-5.92 -0.61 -7.14
-5.51 -0.61 -6.73
-5.1 -0.61 -6.32
-4.69 -0.61 -5.91
-4.29 -0.61 -5.51
-3.88 -0.61 -5.1
-3.47 -0.61 -4.69
-3.06 -0.61 -4.28
-2.65 -0.61 -3.87
-2.24 -0.61 -3.46
-1.84 -0.61 -3.06
-1.43 -0.61 -2.65
-1.02 -0.61 -2.24
-0.61 -0.61 -1.83
-0.2 -0.61 -1.42
0.2 -0.61 -1.02
0.61 -0.61 -0.61
1.02 -0.61 -0.2
1.43 -0.61 0.21
1.84 -0.61 0.62
2.24 -0.61 1.02
2.65 -0.61 1.43
3.06 -0.61 1.84
3.47 -0.61 2.25
3.88 -0.61 2.66
4.29 -0.61 3.07
4.69 -0.61 3.47
5.1 -0.61 3.88
5.51 -0.61 4.29
5.92 -0.61 4.7
6.33 -0.61 5.11
6.73 -0.61 5.51
7.14 -0.61 5.92
7.55 -0.61 6.33
7.96 -0.61 6.74
8.37 -0.61 7.15
8.78 -0.61 7.56
9.18 -0.61 7.96
9.59 -0.61 8.37
10.0 -0.61 8.78
-10.0 -0.2 -10.4
-9.59 -0.2 -9.99
-9.18 -0.2 -9.58
-8.78 -0.2 -9.18
-8.37 -0.2 -8.77
-7.96 -0.2 -8.36
-7.55 -0.2 -7.95
-7.14 -0.2 -7.54
-6.73 -0.2 -7.13
-6.33 -0.2 -6.73
-5.92 -0.2 -6.32
-5.51 -0.2 -5.91
-5.1 -0.2 -5.5
-4.69 -0.2 -5.09
-4.29 -0.2 -4.69
-3.88 -0.2 -4.28
-3.47 -0.2 -3.87
-3.06 -0.2 -3.46
-2.65 -0.2 -3.05
-2.24 -0.2 -2.64
-1.84 -0.2 -2.24
-1.43 -0.2 -1.83
-1.02 -0.2 -1.42
-0.61 -0.2 -1.01
-0.2 -0.2 -0.6
0.2 -0.2 -0.2
0.61 -0.2 0.21
1.02 -0.2 0.62
1.43 -0.2 1.03
1.84 -0.2 1.44
2.24 -0.2 1.84
2.65 -0.2 2.25
3.06 -0.2 2.66
3.47 -0.2 3.07
3.88 -0.2 3.48
4.29 -0.2 3.89
4.69 -0.2 4.29
5.1 -0.2 4.7
5.51 -0.2 5.11
5.92 -0.2 5.52
6.33 -0.2 5.93
6.73 -0.2 6.33
7.14 -0.2 6.74
7.55 -0.2 7.15
7.96 -0.2 7.56
8.37 -0.2 7.97
8.78 -0.2 8.38
9.18 -0.2 8.78
9.59 -0.2 9.19
10.0 -0.2 9.6
-10.0 0.2 -9.6
-9.59 0.2 -9.19
-9.18 0.2 -8.78
-8.78 0.2 -8.38
-8.37 0.2 -7.97
-7.96 0.2 -7.56
-7.55 0.2 -7.15
-7.14 0.2 -6.74
-6.73 0.2 -6.33
-6.33 0.2 -5.93
-5.92 0.2 -5.52
-5.51 0.2 -5.11
-5.1 0.2 -4.7
-4.69 0.2 -4.29
-4.29 0.2 -3.89
-3.88 0.2 -3.48
-3.47 0.2 -3.07
-3.06 0.2 -2.66
-2.65 0.2 -2.25
-2.24 0.2 -1.84
-1.84 0.2 -1.44
-1.43 0.2 -1.03
-1.02 0.2 -0.62
-0.61 0.2 -0.21
-0.2 0.2 0.2
0.2 0.2 0.6
0.61 0.2 1.01
1.02 0.2 1.42
1.43 0.2 1.83
1.84 0.2 2.24
2.24 0.2 2.64
2.65 0.2 3.05
3.06 0.2 3.46
3.47 0.2 3.87
3.88 0.2 4.28
4.29 0.2 4.69
4.69 0.2 5.09
5.1 0.2 5.5
5.51 0.2 5.91
5.92 0.2 6.32
6.33 0.2 6.73
6.73 0.2 7.13
7.14 0.2 7.54
7.55 0.2 7.95
7.96 0.2 8.36
8.37 0.2 8.77
8.78 0.2 9.18
9.18 0.2 9.58
9.59 0.2 9.99
10.0 0.2 10.4
-10.0 0.61 -8.78
-9.59 0.61 -8.37
-9.18 0.61 -7.96
-8.78 0.61 -7.56
-8.37 0.61 -7.15
-7.96 0.61 -6.74
-7.55 0.61 -6.33
-7.14 0.61 -5.92
-6.73 0.61 -5.51
-6.33 0.61 -5.11
-5.92 0.61 -4.7
-5.51 0.61 -4.29
-5.1 0.61 -3.88
-4.69 0.61 -3.47
-4.29 0.61 -3.07
-3.88 0.61 -2.66
-3.47 0.61 -2.25
-3.06 0.61 -1.84
-2.65 0.61 -1.43
-2.24 0.61 -1.02
-1.84 0.61 -0.62
-1.43 0.61 -0.21
-1.02 0.61 0.2
-0.61 0.61 0.61
-0.2 0.61 1.02
0.2 0.61 1.42
0.61 0.61 1.83
1.02 0.61 2.24
1.43 0.61 2.65
1.84 0.61 3.06
2.24 0.61 3.46
2.65 0.61 3.87
3.06 0.61 4.28
3.47 0.61 4.69
3.88 0.61 5.1
4.29 0.61 5.51
4.69 0.61 5.91
5.1 0.61 6.32
5.51 0.61 6.73
5.92 0.61 7.14
6.33 0.61 7.55
6.73 0.61 7.95
7.14 0.61 8.36
7.55 0.61 8.77
7.96 0.61 9.18
8.37 0.61 9.59
8.78 0.61 10.0
9.18 0.61 10.4
9.59 0.61 10.81
10.0 0.61 11.22
-10.0 1.02 -7.96
-9.59 1.02 -7.55
-9.18 1.02 -7.14
-8.78 1.02 -6.74
-8.37 1.02 -6.33
-7.96 1.02 -5.92
-7.55 1.02 -5.51
-7.14 1.02 -5.1
-6.73 1.02 -4.69
-6.33 1.02 -4.29
-5.92 1.02 -3.88
-5.51 1.02 -3.47
-5.1 1.02 -3.06
-4.69 1.02 -2.65
-4.29 1.02 -2.25
-3.88 1.02 -1.84
-3.47 1.02 -1.43
-3.06 1.02 -1.02
-2.65 1.02 -0.61
-2.24 1.02 -0.2
-1.84 1.02 0.2
-1.43 1.02 0.61
-1.02 1.02 1.02
-0.61 1.02 1.43
-0.2 1.02 1.84
0.2 1.02 2.24
0.61 1.02 2.65
1.02 1.02 3.06
1.43 1.02 3.47
1.84 1.02 3.88
2.24 1.02 4.28
2.65 1.02 4.69
3.06 1.02 5.1
3.47 1.02 5.51
3.88 1.02 5.92
4.29 1.02 6.33
4.69 1.02 6.73
5.1 1.02 7.14
5.51 1.02 7.55
5.92 1.02 7.96
6.33 1.02 8.37
6.73 1.02 8.77
7.14 1.02 9.18
7.55 1.02 9.59
7.96 1.02 10.0
8.37 1.02 10.41
8.78 1.02 10.82
9.18 1.02 11.22
9.59 1.02 11.63
10.0 1.02 12.04
-10.0 1.43 -7.14
-9.59 1.43 -6.73
-9.18 1.43 -6.32
-8.78 1.43 -5.92
-8.37 1.43 -5.51
-7.96 1.43 -5.1
-7.55 1.43 -4.69
-7.14 1.43 -4.28
-6.73 1.43 -3.87
-6.33 1.43 -3.47
-5.92 1.43 -3.06
-5.51 1.43 -2.65
-5.1 1.43 -2.24
-4.69 1.43 -1.83
-4.29 1.43 -1.43
-3.88 1.43 -1.02
-3.47 1.43 -0.61
-3.06 1.43 -0.2
-2.65 1.43 0.21
-2.24 1.43 0.62
-1.84 1.43 1.02
-1.43 1.43 1.43
-1.02 1.43 1.84
-0.61 1.43 2.25
-0.2 1.43 2.66
0.2 1.43 3.06
0.61 1.43 3.47
1.02 1.43 3.88
1.43 1.43 4.29
1.84 1.43 4.7
2.24 1.43 5.1
2.65 1.43 5.51
3.06 1.43 5.92
3.47 1.43 6.33
3.88 1.43 6.74
4.29 1.43 7.15
4.69 1.43 7.55
5.1 1.43 7.96
5.51 1.43 8.37
5.92 1.43 8.78
6.33 1.43 9.19
6.73 1.43 9.59
7.14 1.43 10.0
7.55 1.43 10.41
7.96 1.43 10.82
8.37 1.43 11.23
8.78 1.43 11.64
9.18 1.43 12.04
9.59 1.43 12.45
10.0 1.43 12.86
-10.0 1.84 -6.32
-9.59 1.84 -5.91
-9.18 1.84 -5.5
-8.78 1.84 -5.1
-8.37 1.84 -4.69
-7.96 1.84 -4.28
-7.55 1.84 -3.87
-7.14 1.84 -3.46
-6.73 1.84 -3.05
-6.33 1.84 -2.65
-5.92 1.84 -2.24
-5.51 1.84 -1.83
-5.1 1.84 -1.42
-4.69 1.84 -1.01
-4.29 1.84 -0.61
-3.88 1.84 -0.2
-3.47 1.84 0.21
-3.06 1.84 0.62
-2.65 1.84 1.03
-2.24 1.84 1.44
-1.84 1.84 1.84
-1.43 1.84 2.25
-1.02 1.84 2.66
-0.61 1.84 3.07
-0.2 1.84 3.48
0.2 1.84 3.88
0.61 1.84 4.29
1.02 1.84 4.7
1.43 1.84 5.11
1.84 1.84 5.52
2.24 1.84 5.92
2.65 1.84 6.33
3.06 1.84 6.74
3.47 1.84 7.15
3.88 1.84 7.56
4.29 1.84 7.97
4.69 1.84 8.37
5.1 1.84 8.78
5.51 1.84 9.19
5.92 1.84 9.6
6.33 1.84 10.01
6.73 1.84 10.41
7.14 1.84 10.82
7.55 1.84 11.23
7.96 1.84 11.64
8.37 1.84 12.05
8.78 1.84 12.46
9.18 1.84 12.86
9.59 1.84 13.27
10.0 1.84 13.68
-10.0 2.24 -5.52
-9.59 2.24 -5.11
-9.18 2.24 -4.7
-8.78 2.24 -4.3
-8.37 2.24 -3.89
-7.96 2.24 -3.48
-7.55 2.24 -3.07
-7.14 2.24 -2.66
-6.73 2.24 -2.25
-6.33 2.24 -1.85
-5.92 2.24 -1.44
-5.51 2.24 -1.03
-5.1 2.24 -0.62
-4.69 2.24 -0.21
-4.29 2.24 0.19
-3.88 2.24 0.6
-3.47 2.24 1.01
-3.06 2.24 1.42
-2.65 2.24 1.83
-2.24 2.24 2.24
-1.84 2.24 2.64
-1.43 2.24 3.05
-1.02 2.24 3.46
-0.61 2.24 3.87
-0.2 2.24 4.28
0.2 2.24 4.68
0.61 2.24 5.09
1.02 2.24 5.5
1.43 2.24 5.91
1.84 2.24 6.32
2.24 2.24 6.72
2.65 2.24 7.13
3.06 2.24 7.54
3.47 2.24 7.95
3.88 2.24 8.36
4.29 2.24 8.77
4.69 2.24 9.17
5.1 2.24 9.58
5.51 2.24 9.99
5.92 2.24 10.4
6.33 2.24 10.81
6.73 2.24 11.21
7.14 2.24 11.62
7.55 2.24 12.03
7.96 2.24 12.44
8.37 2.24 12.85
8.78 2.24 13.26
9.18 2.24 13.66
9.59 2.24 14.07
10.0 2.24 14.48
-10.0 2.65 -4.7
-9.59 2.65 -4.29
-9.18 2.65 -3.88
-8.78 2.65 -3.48
-8.37 2.65 -3.07
-7.96 2.65 -2.66
-7.55 2.65 -2.25
-7.14 2.65 -1.84
-6.73 2.65 -1.43
-6.33 2.65 -1.03
-5.92 2.65 -0.62
-5.51 2.65 -0.21
-5.1 2.65 0.2
-4.69 2.65 0.61
-4.29 2.65 1.01
-3.88 2.65 1.42
-3.47 2.65 1.83
-3.06 2.65 2.24
-2.65 2.65 2.65
-2.24 2.65 3.06
-1.84 2.65 3.46
-1.43 2.65 3.87
-1.02 2.65 4.28
-0.61 2.65 4.69
-0.2 2.65 5.1
0.2 2.65 5.5
0.61 2.65 5.91
1.02 2.65 6.32
1.43 2.65 6.73
1.84 2.65 7.14
2.24 2.65 7.54
2.65 2.65 7.95
3.06 2.65 8.36
3.47 2.65 8.77
3.88 2.65 9.18
4.29 2.65 9.59
4.69 2.65 9.99
5.1 2.65 10.4
5.51 2.65 10.81
5.92 2.65 11.22
6.33 2.65 11.63
6.73 2.65 12.03
7.14 2.65 12.44
7.55 2.65 12.85
7.96 2.65 13.26
8.37 2.65 13.67
8.78 2.65 14.08
9.18 2.65 14.48
9.59 2.65 14.89
10.0 2.65 15.3
-10.0 3.06 -3.88
-9.59 3.06 -3.47
-9.18 3.06 -3.06
-8.78 3.06 -2.66
-8.37 3.06 -2.25
-7.96 3.06 -1.84
-7.55 3.06 -1.43
-7.14 3.06 -1.02
-6.73 3.06 -0.61
-6.33 3.06 -0.21
-5.92 3.06 0.2
-5.51 3.06 0.61
-5.1 3.06 1.02
-4.69 3.06 1.43
-4.29 3.06 1.83
-3.88 3.06 2.24
-3.47 3.06 2.65
-3.06 3.06 3.06
-2.65 3.06 3.47
-2.24 3.06 3.88
-1.84 3.06 4.28
-1.43 3.06 4.69
-1.02 3.06 5.1
-0.61 3.06 5.51
-0.2 3.06 5.92
0.2 3.06 6.32
0.61 3.06 6.73
1.02 3.06 7.14
1.43 3.06 7.55
1.84 3.06 7.96
2.24 3.06 8.36
2.65 3.06 8.77
3.06 3.06 9.18
3.47 3.06 9.59
3.88 3.06 10.0
4.29 3.06 10.41
4.69 3.06 10.81
5.1 3.06 11.22
5.51 3.06 11.63
5.92 3.06 12.04
6.33 3.06 12.45
6.73 3.06 12.85
7.14 3.06 13.26
7.55 3.06 13.67
7.96 3.06 14.08
8.37 3.06 14.49
8.78 3.06 14.9
9.18 3.06 15.3
9.59 3.06 15.71
10.0 3.06 16.12
-10.0 3.47 -3.06
-9.59 3.47 -2.65
-9.18 3.47 -2.24
-8.78 3.47 -1.84
-8.37 3.47 -1.43
-7.96 3.47 -1.02
-7.55 3.47 -0.61
-7.14 3.47 -0.2
-6.73 3.47 0.21
-6.33 3.47 0.61
-5.92 3.47 1.02
-5.51 3.47 1.43
-5.1 3.47 1.84
-4.69 3.47 2.25
-4.29 3.47 2.65
-3.88 3.47 3.06
-3.47 3.47 3.47
-3.06 3.47 3.88
-2.65 3.47 4.29
-2.24 3.47 4.7
-1.84 3.47 5.1
-1.43 3.47 5.51
-1.02 3.47 5.92
-0.61 3.47 6.33
-0.2 3.47 6.74
0.2 3.47 7.14
0.61 3.47 7.55
1.02 3.47 7.96
1.43 3.47 8.37
1.84 3.47 8.78
2.24 3.47 9.18
2.65 3.47 9.59
3.06 3.47 10.0
3.47 3.47 10.41
3.88 3.47 10.82
4.29 3.47 11.23
4.69 3.47 11.63
5.1 3.47 12.04
5.51 3.47 12.45
5.92 3.47 12.86
6.33 3.47 13.27
6.73 3.47 13.67
7.14 3.47 14.08
7.55 3.47 14.49
7.96 3.47 14.9
8.37 3.47 15.31
8.78 3.47 15.72
9.18 3.47 16.12
9.59 3.47 16.53
10.0 3.47 16.94
-10.0 3.88 -2.24
-9.59 3.88 -1.83
-9.18 3.88 -1.42
-8.78 3.88 -1.02
-8.37 3.88 -0.61
-7.96 3.88 -0.2
-7.55 3.88 0.21
-7.14 3.88 0.62
-6.73 3.88 1.03
-6.33 3.88 1.43
-5.92 3.88 1.84
-5.51 3.88 2.25
-5.1 3.88 2.66
-4.69 3.88 3.07
-4.29 3.88 3.47
-3.88 3.88 3.88
-3.47 3.88 4.29
-3.06 3.88 4.7
-2.65 3.88 5.11
-2.24 3.88 5.52
-1.84 3.88 5.92
-1.43 3.88 6.33
-1.02 3.88 6.74
-0.61 3.88 7.15
-0.2 3.88 7.56
0.2 3.88 7.96
0.61 3.88 8.37
1.02 3.88 8.78
1.43 3.88 9.19
1.84 3.88 9.6
2.24 3.88 10.0
2.65 3.88 10.41
3.06 3.88 10.82
3.47 3.88 11.23
3.88 3.88 11.64
4.29 3.88 12.05
4.69 3.88 12.45
5.1 3.88 12.86
5.51 3.88 13.27
5.92 3.88 13.68
6.33 3.88 14.09
6.73 3.88 14.49
7.14 3.88 14.9
7.55 3.88 15.31
7.96 3.88 15.72
8.37 3.88 16.13
8.78 3.88 16.54
9.18 3.88 16.94
9.59 3.88 17.35
10.0 3.88 17.76
-10.0 4.29 -1.42
-9.59 4.29 -1.01
-9.18 4.29 -0.6
-8.78 4.29 -0.2
-8.37 4.29 0.21
-7.96 4.29 0.62
-7.55 4.29 1.03
-7.14 4.29 1.44
-6.73 4.29 1.85
-6.33 4.29 2.25
-5.92 4.29 2.66
-5.51 4.29 3.07
-5.1 4.29 3.48
-4.69 4.29 3.89
-4.29 4.29 4.29
-3.88 4.29 4.7
-3.47 4.29 5.11
-3.06 4.29 5.52
-2.65 4.29 5.93
-2.24 4.29 6.34
-1.84 4.29 6.74
-1.43 4.29 7.15
-1.02 4.29 7.56
-0.61 4.29 7.97
-0.2 4.29 8.38
0.2 4.29 8.78
0.61 4.29 9.19
1.02 4.29 9.6
1.43 4.29 10.01
1.84 4.29 10.42
2.24 4.29 10.82
2.65 4.29 11.23
3.06 4.29 11.64
3.47 4.29 12.05
3.88 4.29 12.46
4.29 4.29 12.87
4.69 4.29 13.27
5.1 4.29 13.68
5.51 4.29 14.09
5.92 4.29 14.5
6.33 4.29 14.91
6.73 4.29 15.31
7.14 4.29 15.72
7.55 4.29 16.13
7.96 4.29 16.54
8.37 4.29 16.95
8.78 4.29 17.36
9.18 4.29 17.76
9.59 4.29 18.17
10.0 4.29 18.58
-10.0 4.69 -0.62
-9.59 4.69 -0.21
-9.18 4.69 0.2
-8.78 4.69 0.6
-8.37 4.69 1.01
-7.96 4.69 1.42
-7.55 4.69 1.83
-7.14 4.69 2.24
-6.73 4.69 2.65
-6.33 4.69 3.05
-5.92 4.69 3.46
-5.51 4.69 3.87
-5.1 4.69 4.28
-4.69 4.69 4.69
-4.29 4.69 5.09
-3.88 4.69 5.5
-3.47 4.69 5.91
-3.06 4.69 6.32
-2.65 4.69 6.73
-2.24 4.69 7.14
-1.84 4.69 7.54
-1.43 4.69 7.95
-1.02 4.69 8.36
-0.61 4.69 8.77
-0.2 4.69 9.18
0.2 4.69 9.58
0.61 4.69 9.99
1.02 4.69 10.4
1.43 4.69 10.81
1.84 4.69 11.22
2.24 4.69 11.62
2.65 4.69 12.03
3.06 4.69 12.44
3.47 4.69 12.85
3.88 4.69 13.26
4.29 4.69 13.67
4.69 4.69 14.07
5.1 4.69 14.48
5.51 4.69 14.89
5.92 4.69 15.3
6.33 4.69 15.71
6.73 4.69 16.11
7.14 4.69 16.52
7.55 4.69 16.93
7.96 4.69 17.34
8.37 4.69 17.75
8.78 4.69 18.16
9.18 4.69 18.56
9.59 4.69 18.97
10.0 4.69 19.38
-10.0 5.1 0.2
-9.59 5.1 0.61
-9.18 5.1 1.02
-8.78 5.1 1.42
-8.37 5.1 1.83
-7.96 5.1 2.24
-7.55 5.1 2.65
-7.14 5.1 3.06
-6.73 5.1 3.47
-6.33 5.1 3.87
-5.92 5.1 4.28
-5.51 5.1 4.69
-5.1 5.1 5.1
-4.69 5.1 5.51
-4.29 5.1 5.91
-3.88 5.1 6.32
-3.47 5.1 6.73
-3.06 5.1 7.14
-2.65 5.1 7.55
-2.24 5.1 7.96
-1.84 5.1 8.36
-1.43 5.1 8.77
-1.02 5.1 9.18
-0.61 5.1 9.59
-0.2 5.1 10.0
0.2 5.1 10.4
0.61 5.1 10.81
1.02 5.1 11.22
1.43 5.1 11.63
1.84 5.1 12.04
2.24 5.1 12.44
2.65 5.1 12.85
3.06 5.1 13.26
3.47 5.1 13.67
3.88 5.1 14.08
4.29 5.1 14.49
4.69 5.1 14.89
5.1 5.1 15.3
5.51 5.1 15.71
5.92 5.1 16.12
6.33 5.1 16.53
6.73 5.1 16.93
7.14 5.1 17.34
7.55 5.1 17.75
7.96 5.1 18.16
8.37 5.1 18.57
8.78 5.1 18.98
9.18 5.1 19.38
9.59 5.1 19.79
10.0 5.1 20.2
-10.0 5.51 1.02
-9.59 5.51 1.43
-9.18 5.51 1.84
-8.78 5.51 2.24
-8.37 5.51 2.65
-7.96 5.51 3.06
-7.55 5.51 3.47
-7.14 5.51 3.88
-6.73 5.51 4.29
-6.33 5.51 4.69
-5.92 5.51 5.1
-5.51 5.51 5.51
-5.1 5.51 5.92
-4.69 5.51 6.33
-4.29 5.51 6.73
-3.88 5.51 7.14
-3.47 5.51 7.55
-3.06 5.51 7.96
-2.65 5.51 8.37
-2.24 5.51 8.78
-1.84 5.51 9.18
-1.43 5.51 9.59
-1.02 5.51 10.0
-0.61 5.51 10.41
-0.2 5.51 10.82
0.2 5.51 11.22
0.61 5.51 11.63
1.02 5.51 12.04
1.43 5.51 12.45
1.84 5.51 12.86
2.24 5.51 13.26
2.65 5.51 13.67
3.06 5.51 14.08
3.47 5.51 14.49
3.88 5.51 14.9
4.29 5.51 15.31
4.69 5.51 15.71
5.1 5.51 16.12
5.51 5.51 16.53
5.92 5.51 16.94
6.33 5.51 17.35
6.73 5.51 17.75
7.14 5.51 18.16
7.55 5.51 18.57
7.96 5.51 18.98
8.37 5.51 19.39
8.78 5.51 19.8
9.18 5.51 20.2
9.59 5.51 20.61
10.0 5.51 21.02
-10.0 5.92 1.84
-9.59 5.92 2.25
-9.18 5.92 2.66
-8.78 5.92 3.06
-8.37 5.92 3.47
-7.96 5.92 3.88
-7.55 5.92 4.29
-7.14 5.92 4.7
-6.73 5.92 5.11
-6.33 5.92 5.51
-5.92 5.92 5.92
-5.51 5.92 6.33
-5.1 5.92 6.74
-4.69 5.92 7.15
-4.29 5.92 7.55
-3.88 5.92 7.96
-3.47 5.92 8.37
-3.06 5.92 8.78
-2.65 5.92 9.19
-2.24 5.92 9.6
-1.84 5.92 10.0
-1.43 5.92 10.41
-1.02 5.92 10.82
-0.61 5.92 11.23
-0.2 5.92 11.64
0.2 5.92 12.04
0.61 5.92 12.45
1.02 5.92 12.86
1.43 5.92 13.27
1.84 5.92 13.68
2.24 5.92 14.08
2.65 5.92 14.49
3.06 5.92 14.9
3.47 5.92 15.31
3.88 5.92 15.72
4.29 5.92 16.13
4.69 5.92 16.53
5.1 5.92 16.94
5.51 5.92 17.35
5.92 5.92 17.76
6.33 5.92 18.17
6.73 5.92 18.57
7.14 5.92 18.98
7.55 5.92 19.39
7.96 5.92 19.8
8.37 5.92 20.21
8.78 5.92 20.62
9.18 5.92 21.02
9.59 5.92 21.43
10.0 5.92 21.84
-10.0 6.33 2.66
-9.59 6.33 3.07
-9.18 6.33 3.48
-8.78 6.33 3.88
-8.37 6.33 4.29
-7.96 6.33 4.7
-7.55 6.33 5.11
-7.14 6.33 5.52
-6.73 6.33 5.93
-6.33 6.33 6.33
-5.92 6.33 6.74
-5.51 6.33 7.15
-5.1 6.33 7.56
-4.69 6.33 7.97
-4.29 6.33 8.37
-3.88 6.33 8.78
-3.47 6.33 9.19
-3.06 6.33 9.6
-2.65 6.33 10.01
-2.24 6.33 10.42
-1.84 6.33 10.82
-1.43 6.33 11.23
-1.02 6.33 11.64
-0.61 6.33 12.05
-0.2 6.33 12.46
0.2 6.33 12.86
0.61 6.33 13.27
1.02 6.33 13.68
1.43 6.33 14.09
1.84 6.33 14.5
2.24 6.33 14.9
2.65 6.33 15.31
3.06 6.33 15.72
3.47 6.33 16.13
3.88 6.33 16.54
4.29 6.33 16.95
4.69 6.33 17.35
5.1 6.33 17.76
5.51 6.33 18.17
5.92 6.33 18.58
6.33 6.33 18.99
6.73 6.33 19.39
7.14 6.33 19.8
7.55 6.33 20.21
7.96 6.33 20.62
8.37 6.33 21.03
8.78 6.33 21.44
9.18 6.33 21.84
9.59 6.33 22.25
10.0 6.33 22.66
-10.0 6.73 3.46
-9.59 6.73 3.87
-9.18 6.73 4.28
-8.78 6.73 4.68
-8.37 6.73 5.09
-7.96 6.73 5.5
-7.55 6.73 5.91
-7.14 6.73 6.32
-6.73 6.73 6.73
-6.33 6.73 7.13
-5.92 6.73 7.54
-5.51 6.73 7.95
-5.1 6.73 8.36
-4.69 6.73 8.77
-4.29 6.73 9.17
-3.88 6.73 9.58
-3.47 6.73 9.99
-3.06 6.73 10.4
-2.65 6.73 10.81
-2.24 6.73 11.22
-1.84 6.73 11.62
-1.43 6.73 12.03
-1.02 6.73 12.44
-0.61 6.73 12.85
-0.2 6.73 13.26
0.2 6.73 13.66
0.61 6.73 14.07
1.02 6.73 14.48
1.43 6.73 14.89
1.84 6.73 15.3
2.24 6.73 15.7
2.65 6.73 16.11
3.06 6.73 16.52
3.47 6.73 16.93
3.88 6.73 17.34
4.29 6.73 17.75
4.69 6.73 18.15
5.1 6.73 18.56
5.51 6.73 18.97
5.92 6.73 19.38
6.33 6.73 19.79
6.73 6.73 20.19
7.14 6.73 20.6
7.55 6.73 21.01
7.96 6.73 21.42
8.37 6.73 21.83
8.78 6.73 22.24
9.18 6.73 22.64
9.59 6.73 23.05
10.0 6.73 23.46
-10.0 7.14 4.28
-9.59 7.14 4.69
-9.18 7.14 5.1
-8.78 7.14 5.5
-8.37 7.14 5.91
-7.96 7.14 6.32
-7.55 7.14 6.73
-7.14 7.14 7.14
-6.73 7.14 7.55
-6.33 7.14 7.95
-5.92 7.14 8.36
-5.51 7.14 8.77
-5.1 7.14 9.18
-4.69 7.14 9.59
-4.29 7.14 9.99
-3.88 7.14 10.4
-3.47 7.14 10.81
-3.06 7.14 11.22
-2.65 7.14 11.63
-2.24 7.14 12.04
-1.84 7.14 12.44
-1.43 7.14 12.85
-1.02 7.14 13.26
-0.61 7.14 13.67
-0.2 7.14 14.08
0.2 7.14 14.48
0.61 7.14 14.89
1.02 7.14 15.3
1.43 7.14 15.71
1.84 7.14 16.12
2.24 7.14 16.52
2.65 7.14 16.93
3.06 7.14 17.34
3.47 7.14 17.75
3.88 7.14 18.16
4.29 7.14 18.57
4.69 7.14 18.97
5.1 7.14 19.38
5.51 7.14 19.79
5.92 7.14 20.2
6.33 7.14 20.61
6.73 7.14 21.01
7.14 7.14 21.42
7.55 7.14 21.83
7.96 7.14 22.24
8.37 7.14 22.65
8.78 7.14 23.06
9.18 7.14 23.46
9.59 7.14 23.87
10.0 7.14 24.28
-10.0 7.55 5.1
-9.59 7.55 5.51
-9.18 7.55 5.92
-8.78 7.55 6.32
-8.37 7.55 6.73
-7.96 7.55 7.14
-7.55 7.55 7.55
-7.14 7.55 7.96
-6.73 7.55 8.37
-6.33 7.55 8.77
-5.92 7.55 9.18
-5.51 7.55 9.59
-5.1 7.55 10.0
-4.69 7.55 10.41
-4.29 7.55 10.81
-3.88 7.55 11.22
-3.47 7.55 11.63
-3.06 7.55 12.04
-2.65 7.55 12.45
-2.24 7.55 12.86
-1.84 7.55 13.26
-1.43 7.55 13.67
-1.02 7.55 14.08
-0.61 7.55 14.49
-0.2 7.55 14.9
0.2 7.55 15.3
0.61 7.55 15.71
1.02 7.55 16.12
1.43 7.55 16.53
1.84 7.55 16.94
2.24 7.55 17.34
2.65 7.55 17.75
3.06 7.55 18.16
3.47 7.55 18.57
3.88 7.55 18.98
4.29 7.55 19.39
4.69 7.55 19.79
5.1 7.55 20.2
5.51 7.55 20.61
5.92 7.55 21.02
6.33 7.55 21.43
6.73 7.55 21.83
7.14 7.55 22.24
7.55 7.55 22.65
7.96 7.55 23.06
8.37 7.55 23.47
8.78 7.55 23.88
9.18 7.55 24.28
9.59 7.55 24.69
10.0 7.55 25.1
-10.0 7.96 5.92
-9.59 7.96 6.33
-9.18 7.96 6.74
-8.78 7.96 7.14
-8.37 7.96 7.55
-7.96 7.96 7.96
-7.55 7.96 8.37
-7.14 7.96 8.78
-6.73 7.96 9.19
-6.33 7.96 9.59
-5.92 7.96 10.0
-5.51 7.96 10.41
-5.1 7.96 10.82
-4.69 7.96 11.23
-4.29 7.96 11.63
-3.88 7.96 12.04
-3.47 7.96 12.45
-3.06 7.96 12.86
-2.65 7.96 13.27
-2.24 7.96 13.68
-1.84 7.96 14.08
-1.43 7.96 14.49
-1.02 7.96 14.9
-0.61 7.96 15.31
-0.2 7.96 15.72
0.2 7.96 16.12
0.61 7.96 16.53
1.02 7.96 16.94
1.43 7.96 17.35
1.84 7.96 17.76
2.24 7.96 18.16
2.65 7.96 18.57
3.06 7.96 18.98
3.47 7.96 19.39
3.88 7.96 19.8
4.29 7.96 20.21
4.69 7.96 20.61
5.1 7.96 21.02
5.51 7.96 21.43
5.92 7.96 21.84
6.33 7.96 22.25
6.73 7.96 22.65
7.14 7.96 23.06
7.55 7.96 23.47
7.96 7.96 23.88
8.37 7.96 24.29
8.78 7.96 24.7
9.18 7.96 25.1
9.59 7.96 25.51
10.0 7.96 25.92
-10.0 8.37 6.74
-9.59 8.37 7.15
-9.18 8.37 7.56
-8.78 8.37 7.96
-8.37 8.37 8.37
-7.96 8.37 8.78
-7.55 8.37 9.19
-7.14 8.37 9.6
-6.73 8.37 10.01
-6.33 8.37 10.41
-5.92 8.37 10.82
-5.51 8.37 11.23
-5.1 8.37 11.64
-4.69 8.37 12.05
-4.29 8.37 12.45
-3.88 8.37 12.86
-3.47 8.37 13.27
-3.06 8.37 13.68
-2.65 8.37 14.09
-2.24 8.37 14.5
-1.84 8.37 14.9
-1.43 8.37 15.31
-1.02 8.37 15.72
-0.61 8.37 16.13
-0.2 8.37 16.54
0.2 8.37 16.94
0.61 8.37 17.35
1.02 8.37 17.76
1.43 8.37 18.17
1.84 8.37 18.58
2.24 8.37 18.98
2.65 8.37 19.39
3.06 8.37 19.8
3.47 8.37 20.21
3.88 8.37 20.62
4.29 8.37 21.03
4.69 8.37 21.43
5.1 8.37 21.84
5.51 8.37 22.25
5.92 8.37 22.66
6.33 8.37 23.07
6.73 8.37 23.47
7.14 8.37 23.88
7.55 8.37 24.29
7.96 8.37 24.7
8.37 8.37 25.11
8.78 8.37 25.52
9.18 8.37 25.92
9.59 8.37 26.33
10.0 8.37 26.74
-10.0 8.78 7.56
-9.59 8.78 7.97
-9.18 8.78 8.38
-8.78 8.78 8.78
-8.37 8.78 9.19
-7.96 8.78 9.6
-7.55 8.78 10.01
-7.14 8.78 10.42
-6.73 8.78 10.83
-6.33 8.78 11.23
-5.92 8.78 11.64
-5.51 8.78 12.05
-5.1 8.78 12.46
-4.69 8.78 12.87
-4.29 8.78 13.27
-3.88 8.78 13.68
-3.47 8.78 14.09
-3.06 8.78 14.5
-2.65 8.78 14.91
-2.24 8.78 15.32
-1.84 8.78 15.72
-1.43 8.78 16.13
-1.02 8.78 16.54
-0.61 8.78 16.95
-0.2 8.78 17.36
0.2 8.78 17.76
0.61 8.78 18.17
1.02 8.78 18.58
1.43 8.78 18.99
1.84 8.78 19.4
2.24 8.78 19.8
2.65 8.78 20.21
3.06 8.78 20.62
3.47 8.78 21.03
3.88 8.78 21.44
4.29 8.78 21.85
4.69 8.78 22.25
5.1 8.78 22.66
5.51 8.78 23.07
5.92 8.78 23.48
6.33 8.78 23.89
6.73 8.78 24.29
7.14 8.78 24.7
7.55 8.78 25.11
7.96 8.78 25.52
8.37 8.78 25.93
8.78 8.78 26.34
9.18 8.78 26.74
9.59 8.78 27.15
10.0 8.78 27.56
-10.0 9.18 8.36
-9.59 9.18 8.77
-9.18 9.18 9.18
-8.78 9.18 9.58
-8.37 9.18 9.99
-7.96 9.18 10.4
-7.55 9.18 10.81
-7.14 9.18 11.22
-6.73 9.18 11.63
-6.33 9.18 12.03
-5.92 9.18 12.44
-5.51 9.18 12.85
-5.1 9.18 13.26
-4.69 9.18 13.67
-4.29 9.18 14.07
-3.88 9.18 14.48
-3.47 9.18 14.89
-3.06 9.18 15.3
-2.65 9.18 15.71
-2.24 9.18 16.12
-1.84 9.18 16.52
-1.43 9.18 16.93
-1.02 9.18 17.34
-0.61 9.18 17.75
-0.2 9.18 18.16
0.2 9.18 18.56
0.61 9.18 18.97
1.02 9.18 19.38
1.43 9.18 19.79
1.84 9.18 20.2
2.24 9.18 20.6
2.65 9.18 21.01
3.06 9.18 21.42
3.47 9.18 21.83
3.88 9.18 22.24
4.29 9.18 22.65
4.69 9.18 23.05
5.1 9.18 23.46
5.51 9.18 23.87
5.92 9.18 24.28
6.33 9.18 24.69
6.73 9.18 25.09
7.14 9.18 25.5
7.55 9.18 25.91
7.96 9.18 26.32
8.37 9.18 26.73
8.78 9.18 27.14
9.18 9.18 27.54
9.59 9.18 27.95
10.0 9.18 28.36
-10.0 9.59 9.18
-9.59 9.59 9.59
-9.18 9.59 10.0
-8.78 9.59 10.4
-8.37 9.59 10.81
-7.96 9.59 11.22
-7.55 9.59 11.63
-7.14 9.59 12.04
-6.73 9.59 12.45
-6.33 9.59 12.85
-5.92 9.59 13.26
-5.51 9.59 13.67
-5.1 9.59 14.08
-4.69 9.59 14.49
-4.29 9.59 14.89
-3.88 9.59 15.3
-3.47 9.59 15.71
-3.06 9.59 16.12
-2.65 9.59 16.53
-2.24 9.59 16.94
-1.84 9.59 17.34
-1.43 9.59 17.75
-1.02 9.59 18.16
-0.61 9.59 18.57
-0.2 9.59 18.98
0.2 9.59 19.38
0.61 9.59 19.79
1.02 9.59 20.2
1.43 9.59 20.61
1.84 9.59 21.02
2.24 9.59 21.42
2.65 9.59 21.83
3.06 9.59 22.24
3.47 9.59 22.65
3.88 9.59 23.06
4.29 9.59 23.47
4.69 9.59 23.87
5.1 9.59 24.28
5.51 9.59 24.69
5.92 9.59 25.1
6.33 9.59 25.51
6.73 9.59 25.91
7.14 9.59 26.32
7.55 9.59 26.73
7.96 9.59 27.14
8.37 9.59 27.55
8.78 9.59 27.96
9.18 9.59 28.36
9.59 9.59 28.77
10.0 9.59 29.18
-10.0 10.0 10.0
-9.59 10.0 10.41
-9.18 10.0 10.82
-8.78 10.0 11.22
-8.37 10.0 11.63
-7.96 10.0 12.04
-7.55 10.0 12.45
-7.14 10.0 12.86
-6.73 10.0 13.27
-6.33 10.0 13.67
-5.92 10.0 14.08
-5.51 10.0 14.49
-5.1 10.0 14.9
-4.69 10.0 15.31
-4.29 10.0 15.71
-3.88 10.0 16.12
-3.47 10.0 16.53
-3.06 10.0 16.94
-2.65 10.0 17.35
-2.24 10.0 17.76
-1.84 10.0 18.16
-1.43 10.0 18.57
-1.02 10.0 18.98
-0.61 10.0 19.39
-0.2 10.0 19.8
0.2 10.0 20.2
0.61 10.0 20.61
1.02 10.0 21.02
1.43 10.0 21.43
1.84 10.0 21.84
2.24 10.0 22.24
2.65 10.0 22.65
3.06 10.0 23.06
3.47 10.0 23.47
3.88 10.0 23.88
4.29 10.0 24.29
4.69 10.0 24.69
5.1 10.0 25.1
5.51 10.0 25.51
5.92 10.0 25.92
6.33 10.0 26.33
6.73 10.0 26.73
7.14 10.0 27.14
7.55 10.0 27.55
7.96 10.0 27.96
8.37 10.0 28.37
8.78 10.0 28.78
9.18 10.0 29.18
9.59 10.0 29.59
10.0 10.0 30.0
