2 100 -5 17 2500
-1000.0 -1000.0 -3000.0
-959.18 -1000.0 -2959.18
-918.37 -1000.0 -2918.37
-877.55 -1000.0 -2877.55
-836.73 -1000.0 -2836.73
-795.92 -1000.0 -2795.92
-755.1 -1000.0 -2755.1
-714.29 -1000.0 -2714.29
-673.47 -1000.0 -2673.47
-632.65 -1000.0 -2632.65
-591.84 -1000.0 -2591.84
-551.02 -1000.0 -2551.02
-510.2 -1000.0 -2510.2
-469.39 -1000.0 -2469.39
-428.57 -1000.0 -2428.57
-387.76 -1000.0 -2387.76
-346.94 -1000.0 -2346.94
-306.12 -1000.0 -2306.12
-265.31 -1000.0 -2265.31
-224.49 -1000.0 -2224.49
-183.67 -1000.0 -2183.67
-142.86 -1000.0 -2142.86
-102.04 -1000.0 -2102.04
-61.22 -1000.0 -2061.22
-20.41 -1000.0 -2020.41
20.41 -1000.0 -1979.59
61.22 -1000.0 -1938.78
102.04 -1000.0 -1897.96
142.86 -1000.0 -1857.14
183.67 -1000.0 -1816.33
224.49 -1000.0 -1775.51
265.31 -1000.0 -1734.69
306.12 -1000.0 -1693.88
346.94 -1000.0 -1653.06
387.76 -1000.0 -1612.24
428.57 -1000.0 -1571.43
469.39 -1000.0 -1530.61
510.2 -1000.0 -1489.8
551.02 -1000.0 -1448.98
591.84 -1000.0 -1408.16
632.65 -1000.0 -1367.35
673.47 -1000.0 -1326.53
714.29 -1000.0 -1285.71
755.1 -1000.0 -1244.9
795.92 -1000.0 -1204.08
836.73 -1000.0 -1163.27
877.55 -1000.0 -1122.45
918.37 -1000.0 -1081.63
959.18 -1000.0 -1040.82
1000.0 -1000.0 -1000.0
-1000.0 -959.18 -2918.36
-959.18 -959.18 -2877.54
-918.37 -959.18 -2836.73
-877.55 -959.18 -2795.91
-836.73 -959.18 -2755.09
-795.92 -959.18 -2714.28
-755.1 -959.18 -2673.46
-714.29 -959.18 -2632.65
-673.47 -959.18 -2591.83
-632.65 -959.18 -2551.01
-591.84 -959.18 -2510.2
-551.02 -959.18 -2469.38
-510.2 -959.18 -2428.56
-469.39 -959.18 -2387.75
-428.57 -959.18 -2346.93
-387.76 -959.18 -2306.12
-346.94 -959.18 -2265.3
-306.12 -959.18 -2224.48
-265.31 -959.18 -2183.67
-224.49 -959.18 -2142.85
-183.67 -959.18 -2102.03
-142.86 -959.18 -2061.22
-102.04 -959.18 -2020.4
-61.22 -959.18 -1979.58
-20.41 -959.18 -1938.77
20.41 -959.18 -1897.95
61.22 -959.18 -1857.14
102.04 -959.18 -1816.32
142.86 -959.18 -1775.5
183.67 -959.18 -1734.69
224.49 -959.18 -1693.87
265.31 -959.18 -1653.05
306.12 -959.18 -1612.24
346.94 -959.18 -1571.42
387.76 -959.18 -1530.6
428.57 -959.18 -1489.79
469.39 -959.18 -1448.97
510.2 -959.18 -1408.16
551.02 -959.18 -1367.34
591.84 -959.18 -1326.52
632.65 -959.18 -1285.71
673.47 -959.18 -1244.89
714.29 -959.18 -1204.07
755.1 -959.18 -1163.26
795.92 -959.18 -1122.44
836.73 -959.18 -1081.63
877.55 -959.18 -1040.81
918.37 -959.18 -999.99
959.18 -959.18 -959.18
1000.0 -959.18 -918.36
-1000.0 -918.37 -2836.74
-959.18 -918.37 -2795.92
-918.37 -918.37 -2755.11
-877.55 -918.37 -2714.29
-836.73 -918.37 -2673.47
-795.92 -918.37 -2632.66
-755.1 -918.37 -2591.84
-714.29 -918.37 -2551.03
-673.47 -918.37 -2510.21
-632.65 -918.37 -2469.39
-591.84 -918.37 -2428.58
-551.02 -918.37 -2387.76
-510.2 -918.37 -2346.94
-469.39 -918.37 -2306.13
-428.57 -918.37 -2265.31
-387.76 -918.37 -2224.5
-346.94 -918.37 -2183.68
-306.12 -918.37 -2142.86
-265.31 -918.37 -2102.05
-224.49 -918.37 -2061.23
-183.67 -918.37 -2020.41
-142.86 -918.37 -1979.6
-102.04 -918.37 -1938.78
-61.22 -918.37 -1897.96
-20.41 -918.37 -1857.15
20.41 -918.37 -1816.33
61.22 -918.37 -1775.52
102.04 -918.37 -1734.7
142.86 -918.37 -1693.88
183.67 -918.37 -1653.07
224.49 -918.37 -1612.25
265.31 -918.37 -1571.43
306.12 -918.37 -1530.62
346.94 -918.37 -1489.8
387.76 -918.37 -1448.98
428.57 -918.37 -1408.17
469.39 -918.37 -1367.35
510.2 -918.37 -1326.54
551.02 -918.37 -1285.72
591.84 -918.37 -1244.9
632.65 -918.37 -1204.09
673.47 -918.37 -1163.27
714.29 -918.37 -1122.45
755.1 -918.37 -1081.64
795.92 -918.37 -1040.82
836.73 -918.37 -1000.01
877.55 -918.37 -959.19
918.37 -918.37 -918.37
959.18 -918.37 -877.56
1000.0 -918.37 -836.74
-1000.0 -877.55 -2755.1
-959.18 -877.55 -2714.28
-918.37 -877.55 -2673.47
-877.55 -877.55 -2632.65
-836.73 -877.55 -2591.83
-795.92 -877.55 -2551.02
-755.1 -877.55 -2510.2
-714.29 -877.55 -2469.39
-673.47 -877.55 -2428.57
-632.65 -877.55 -2387.75
-591.84 -877.55 -2346.94
-551.02 -877.55 -2306.12
-510.2 -877.55 -2265.3
-469.39 -877.55 -2224.49
-428.57 -877.55 -2183.67
-387.76 -877.55 -2142.86
-346.94 -877.55 -2102.04
-306.12 -877.55 -2061.22
-265.31 -877.55 -2020.41
-224.49 -877.55 -1979.59
-183.67 -877.55 -1938.77
-142.86 -877.55 -1897.96
-102.04 -877.55 -1857.14
-61.22 -877.55 -1816.32
-20.41 -877.55 -1775.51
20.41 -877.55 -1734.69
61.22 -877.55 -1693.88
102.04 -877.55 -1653.06
142.86 -877.55 -1612.24
183.67 -877.55 -1571.43
224.49 -877.55 -1530.61
265.31 -877.55 -1489.79
306.12 -877.55 -1448.98
346.94 -877.55 -1408.16
387.76 -877.55 -1367.34
428.57 -877.55 -1326.53
469.39 -877.55 -1285.71
510.2 -877.55 -1244.9
551.02 -877.55 -1204.08
591.84 -877.55 -1163.26
632.65 -877.55 -1122.45
673.47 -877.55 -1081.63
714.29 -877.55 -1040.81
755.1 -877.55 -1000.0
795.92 -877.55 -959.18
836.73 -877.55 -918.37
877.55 -877.55 -877.55
918.37 -877.55 -836.73
959.18 -877.55 -795.92
1000.0 -877.55 -755.1
-1000.0 -836.73 -2673.46
-959.18 -836.73 -2632.64
-918.37 -836.73 -2591.83
-877.55 -836.73 -2551.01
-836.73 -836.73 -2510.19
-795.92 -836.73 -2469.38
-755.1 -836.73 -2428.56
-714.29 -836.73 -2387.75
-673.47 -836.73 -2346.93
-632.65 -836.73 -2306.11
-591.84 -836.73 -2265.3
-551.02 -836.73 -2224.48
-510.2 -836.73 -2183.66
-469.39 -836.73 -2142.85
-428.57 -836.73 -2102.03
-387.76 -836.73 -2061.22
-346.94 -836.73 -2020.4
-306.12 -836.73 -1979.58
-265.31 -836.73 -1938.77
-224.49 -836.73 -1897.95
-183.67 -836.73 -1857.13
-142.86 -836.73 -1816.32
-102.04 -836.73 -1775.5
-61.22 -836.73 -1734.68
-20.41 -836.73 -1693.87
20.41 -836.73 -1653.05
61.22 -836.73 -1612.24
102.04 -836.73 -1571.42
142.86 -836.73 -1530.6
183.67 -836.73 -1489.79
224.49 -836.73 -1448.97
265.31 -836.73 -1408.15
306.12 -836.73 -1367.34
346.94 -836.73 -1326.52
387.76 -836.73 -1285.7
428.57 -836.73 -1244.89
469.39 -836.73 -1204.07
510.2 -836.73 -1163.26
551.02 -836.73 -1122.44
591.84 -836.73 -1081.62
632.65 -836.73 -1040.81
673.47 -836.73 -999.99
714.29 -836.73 -959.17
755.1 -836.73 -918.36
795.92 -836.73 -877.54
836.73 -836.73 -836.73
877.55 -836.73 -795.91
918.37 -836.73 -755.09
959.18 -836.73 -714.28
1000.0 -836.73 -673.46
-1000.0 -795.92 -2591.84
-959.18 -795.92 -2551.02
-918.37 -795.92 -2510.21
-877.55 -795.92 -2469.39
-836.73 -795.92 -2428.57
-795.92 -795.92 -2387.76
-755.1 -795.92 -2346.94
-714.29 -795.92 -2306.13
-673.47 -795.92 -2265.31
-632.65 -795.92 -2224.49
-591.84 -795.92 -2183.68
-551.02 -795.92 -2142.86
-510.2 -795.92 -2102.04
-469.39 -795.92 -2061.23
-428.57 -795.92 -2020.41
-387.76 -795.92 -1979.6
-346.94 -795.92 -1938.78
-306.12 -795.92 -1897.96
-265.31 -795.92 -1857.15
-224.49 -795.92 -1816.33
-183.67 -795.92 -1775.51
-142.86 -795.92 -1734.7
-102.04 -795.92 -1693.88
-61.22 -795.92 -1653.06
-20.41 -795.92 -1612.25
20.41 -795.92 -1571.43
61.22 -795.92 -1530.62
102.04 -795.92 -1489.8
142.86 -795.92 -1448.98
183.67 -795.92 -1408.17
224.49 -795.92 -1367.35
265.31 -795.92 -1326.53
306.12 -795.92 -1285.72
346.94 -795.92 -1244.9
387.76 -795.92 -1204.08
428.57 -795.92 -1163.27
469.39 -795.92 -1122.45
510.2 -795.92 -1081.64
551.02 -795.92 -1040.82
591.84 -795.92 -1000.0
632.65 -795.92 -959.19
673.47 -795.92 -918.37
714.29 -795.92 -877.55
755.1 -795.92 -836.74
795.92 -795.92 -795.92
836.73 -795.92 -755.11
877.55 -795.92 -714.29
918.37 -795.92 -673.47
959.18 -795.92 -632.66
1000.0 -795.92 -591.84
-1000.0 -755.1 -2510.2
-959.18 -755.1 -2469.38
-918.37 -755.1 -2428.57
-877.55 -755.1 -2387.75
-836.73 -755.1 -2346.93
-795.92 -755.1 -2306.12
-755.1 -755.1 -2265.3
-714.29 -755.1 -2224.49
-673.47 -755.1 -2183.67
-632.65 -755.1 -2142.85
-591.84 -755.1 -2102.04
-551.02 -755.1 -2061.22
-510.2 -755.1 -2020.4
-469.39 -755.1 -1979.59
-428.57 -755.1 -1938.77
-387.76 -755.1 -1897.96
-346.94 -755.1 -1857.14
-306.12 -755.1 -1816.32
-265.31 -755.1 -1775.51
-224.49 -755.1 -1734.69
-183.67 -755.1 -1693.87
-142.86 -755.1 -1653.06
-102.04 -755.1 -1612.24
-61.22 -755.1 -1571.42
-20.41 -755.1 -1530.61
20.41 -755.1 -1489.79
61.22 -755.1 -1448.98
102.04 -755.1 -1408.16
142.86 -755.1 -1367.34
183.67 -755.1 -1326.53
224.49 -755.1 -1285.71
265.31 -755.1 -1244.89
306.12 -755.1 -1204.08
346.94 -755.1 -1163.26
387.76 -755.1 -1122.44
428.57 -755.1 -1081.63
469.39 -755.1 -1040.81
510.2 -755.1 -1000.0
551.02 -755.1 -959.18
591.84 -755.1 -918.36
632.65 -755.1 -877.55
673.47 -755.1 -836.73
714.29 -755.1 -795.91
755.1 -755.1 -755.1
795.92 -755.1 -714.28
836.73 -755.1 -673.47
877.55 -755.1 -632.65
918.37 -755.1 -591.83
959.18 -755.1 -551.02
1000.0 -755.1 -510.2
-1000.0 -714.29 -2428.58
-959.18 -714.29 -2387.76
-918.37 -714.29 -2346.95
-877.55 -714.29 -2306.13
-836.73 -714.29 -2265.31
-795.92 -714.29 -2224.5
-755.1 -714.29 -2183.68
-714.29 -714.29 -2142.87
-673.47 -714.29 -2102.05
-632.65 -714.29 -2061.23
-591.84 -714.29 -2020.42
-551.02 -714.29 -1979.6
-510.2 -714.29 -1938.78
-469.39 -714.29 -1897.97
-428.57 -714.29 -1857.15
-387.76 -714.29 -1816.34
-346.94 -714.29 -1775.52
-306.12 -714.29 -1734.7
-265.31 -714.29 -1693.89
-224.49 -714.29 -1653.07
-183.67 -714.29 -1612.25
-142.86 -714.29 -1571.44
-102.04 -714.29 -1530.62
-61.22 -714.29 -1489.8
-20.41 -714.29 -1448.99
20.41 -714.29 -1408.17
61.22 -714.29 -1367.36
102.04 -714.29 -1326.54
142.86 -714.29 -1285.72
183.67 -714.29 -1244.91
224.49 -714.29 -1204.09
265.31 -714.29 -1163.27
306.12 -714.29 -1122.46
346.94 -714.29 -1081.64
387.76 -714.29 -1040.82
428.57 -714.29 -1000.01
469.39 -714.29 -959.19
510.2 -714.29 -918.38
551.02 -714.29 -877.56
591.84 -714.29 -836.74
632.65 -714.29 -795.93
673.47 -714.29 -755.11
714.29 -714.29 -714.29
755.1 -714.29 -673.48
795.92 -714.29 -632.66
836.73 -714.29 -591.85
877.55 -714.29 -551.03
918.37 -714.29 -510.21
959.18 -714.29 -469.4
1000.0 -714.29 -428.58
-1000.0 -673.47 -2346.94
-959.18 -673.47 -2306.12
-918.37 -673.47 -2265.31
-877.55 -673.47 -2224.49
-836.73 -673.47 -2183.67
-795.92 -673.47 -2142.86
-755.1 -673.47 -2102.04
-714.29 -673.47 -2061.23
-673.47 -673.47 -2020.41
-632.65 -673.47 -1979.59
-591.84 -673.47 -1938.78
-551.02 -673.47 -1897.96
-510.2 -673.47 -1857.14
-469.39 -673.47 -1816.33
-428.57 -673.47 -1775.51
-387.76 -673.47 -1734.7
-346.94 -673.47 -1693.88
-306.12 -673.47 -1653.06
-265.31 -673.47 -1612.25
-224.49 -673.47 -1571.43
-183.67 -673.47 -1530.61
-142.86 -673.47 -1489.8
-102.04 -673.47 -1448.98
-61.22 -673.47 -1408.16
-20.41 -673.47 -1367.35
20.41 -673.47 -1326.53
61.22 -673.47 -1285.72
102.04 -673.47 -1244.9
142.86 -673.47 -1204.08
183.67 -673.47 -1163.27
224.49 -673.47 -1122.45
265.31 -673.47 -1081.63
306.12 -673.47 -1040.82
346.94 -673.47 -1000.0
387.76 -673.47 -959.18
428.57 -673.47 -918.37
469.39 -673.47 -877.55
510.2 -673.47 -836.74
551.02 -673.47 -795.92
591.84 -673.47 -755.1
632.65 -673.47 -714.29
673.47 -673.47 -673.47
714.29 -673.47 -632.65
755.1 -673.47 -591.84
795.92 -673.47 -551.02
836.73 -673.47 -510.21
877.55 -673.47 -469.39
918.37 -673.47 -428.57
959.18 -673.47 -387.76
1000.0 -673.47 -346.94
-1000.0 -632.65 -2265.3
-959.18 -632.65 -2224.48
-918.37 -632.65 -2183.67
-877.55 -632.65 -2142.85
-836.73 -632.65 -2102.03
-795.92 -632.65 -2061.22
-755.1 -632.65 -2020.4
-714.29 -632.65 -1979.59
-673.47 -632.65 -1938.77
-632.65 -632.65 -1897.95
-591.84 -632.65 -1857.14
-551.02 -632.65 -1816.32
-510.2 -632.65 -1775.5
-469.39 -632.65 -1734.69
-428.57 -632.65 -1693.87
-387.76 -632.65 -1653.06
-346.94 -632.65 -1612.24
-306.12 -632.65 -1571.42
-265.31 -632.65 -1530.61
-224.49 -632.65 -1489.79
-183.67 -632.65 -1448.97
-142.86 -632.65 -1408.16
-102.04 -632.65 -1367.34
-61.22 -632.65 -1326.52
-20.41 -632.65 -1285.71
20.41 -632.65 -1244.89
61.22 -632.65 -1204.08
102.04 -632.65 -1163.26
142.86 -632.65 -1122.44
183.67 -632.65 -1081.63
224.49 -632.65 -1040.81
265.31 -632.65 -999.99
306.12 -632.65 -959.18
346.94 -632.65 -918.36
387.76 -632.65 -877.54
428.57 -632.65 -836.73
469.39 -632.65 -795.91
510.2 -632.65 -755.1
551.02 -632.65 -714.28
591.84 -632.65 -673.46
632.65 -632.65 -632.65
673.47 -632.65 -591.83
714.29 -632.65 -551.01
755.1 -632.65 -510.2
795.92 -632.65 -469.38
836.73 -632.65 -428.57
877.55 -632.65 -387.75
918.37 -632.65 -346.93
959.18 -632.65 -306.12
1000.0 -632.65 -265.3
-1000.0 -591.84 -2183.68
-959.18 -591.84 -2142.86
-918.37 -591.84 -2102.05
-877.55 -591.84 -2061.23
-836.73 -591.84 -2020.41
-795.92 -591.84 -1979.6
-755.1 -591.84 -1938.78
-714.29 -591.84 -1897.97
-673.47 -591.84 -1857.15
-632.65 -591.84 -1816.33
-591.84 -591.84 -1775.52
-551.02 -591.84 -1734.7
-510.2 -591.84 -1693.88
-469.39 -591.84 -1653.07
-428.57 -591.84 -1612.25
-387.76 -591.84 -1571.44
-346.94 -591.84 -1530.62
-306.12 -591.84 -1489.8
-265.31 -591.84 -1448.99
-224.49 -591.84 -1408.17
-183.67 -591.84 -1367.35
-142.86 -591.84 -1326.54
-102.04 -591.84 -1285.72
-61.22 -591.84 -1244.9
-20.41 -591.84 -1204.09
20.41 -591.84 -1163.27
61.22 -591.84 -1122.46
102.04 -591.84 -1081.64
142.86 -591.84 -1040.82
183.67 -591.84 -1000.01
224.49 -591.84 -959.19
265.31 -591.84 -918.37
306.12 -591.84 -877.56
346.94 -591.84 -836.74
387.76 -591.84 -795.92
428.57 -591.84 -755.11
469.39 -591.84 -714.29
510.2 -591.84 -673.48
551.02 -591.84 -632.66
591.84 -591.84 -591.84
632.65 -591.84 -551.03
673.47 -591.84 -510.21
714.29 -591.84 -469.39
755.1 -591.84 -428.58
795.92 -591.84 -387.76
836.73 -591.84 -346.95
877.55 -591.84 -306.13
918.37 -591.84 -265.31
959.18 -591.84 -224.5
1000.0 -591.84 -183.68
-1000.0 -551.02 -2102.04
-959.18 -551.02 -2061.22
-918.37 -551.02 -2020.41
-877.55 -551.02 -1979.59
-836.73 -551.02 -1938.77
-795.92 -551.02 -1897.96
-755.1 -551.02 -1857.14
-714.29 -551.02 -1816.33
-673.47 -551.02 -1775.51
-632.65 -551.02 -1734.69
-591.84 -551.02 -1693.88
-551.02 -551.02 -1653.06
-510.2 -551.02 -1612.24
-469.39 -551.02 -1571.43
-428.57 -551.02 -1530.61
-387.76 -551.02 -1489.8
-346.94 -551.02 -1448.98
-306.12 -551.02 -1408.16
-265.31 -551.02 -1367.35
-224.49 -551.02 -1326.53
-183.67 -551.02 -1285.71
-142.86 -551.02 -1244.9
-102.04 -551.02 -1204.08
-61.22 -551.02 -1163.26
-20.41 -551.02 -1122.45
20.41 -551.02 -1081.63
61.22 -551.02 -1040.82
102.04 -551.02 -1000.0
142.86 -551.02 -959.18
183.67 -551.02 -918.37
224.49 -551.02 -877.55
265.31 -551.02 -836.73
306.12 -551.02 -795.92
346.94 -551.02 -755.1
387.76 -551.02 -714.28
428.57 -551.02 -673.47
469.39 -551.02 -632.65
510.2 -551.02 -591.84
551.02 -551.02 -551.02
591.84 -551.02 -510.2
632.65 -551.02 -469.39
673.47 -551.02 -428.57
714.29 -551.02 -387.75
755.1 -551.02 -346.94
795.92 -551.02 -306.12
836.73 -551.02 -265.31
877.55 -551.02 -224.49
918.37 -551.02 -183.67
959.18 -551.02 -142.86
1000.0 -551.02 -102.04
-1000.0 -510.2 -2020.4
-959.18 -510.2 -1979.58
-918.37 -510.2 -1938.77
-877.55 -510.2 -1897.95
-836.73 -510.2 -1857.13
-795.92 -510.2 -1816.32
-755.1 -510.2 -1775.5
-714.29 -510.2 -1734.69
-673.47 -510.2 -1693.87
-632.65 -510.2 -1653.05
-591.84 -510.2 -1612.24
-551.02 -510.2 -1571.42
-510.2 -510.2 -1530.6
-469.39 -510.2 -1489.79
-428.57 -510.2 -1448.97
-387.76 -510.2 -1408.16
-346.94 -510.2 -1367.34
-306.12 -510.2 -1326.52
-265.31 -510.2 -1285.71
-224.49 -510.2 -1244.89
-183.67 -510.2 -1204.07
-142.86 -510.2 -1163.26
-102.04 -510.2 -1122.44
-61.22 -510.2 -1081.62
-20.41 -510.2 -1040.81
20.41 -510.2 -999.99
61.22 -510.2 -959.18
102.04 -510.2 -918.36
142.86 -510.2 -877.54
183.67 -510.2 -836.73
224.49 -510.2 -795.91
265.31 -510.2 -755.09
306.12 -510.2 -714.28
346.94 -510.2 -673.46
387.76 -510.2 -632.64
428.57 -510.2 -591.83
469.39 -510.2 -551.01
510.2 -510.2 -510.2
551.02 -510.2 -469.38
591.84 -510.2 -428.56
632.65 -510.2 -387.75
673.47 -510.2 -346.93
714.29 -510.2 -306.11
755.1 -510.2 -265.3
795.92 -510.2 -224.48
836.73 -510.2 -183.67
877.55 -510.2 -142.85
918.37 -510.2 -102.03
959.18 -510.2 -61.22
1000.0 -510.2 -20.4
-1000.0 -469.39 -1938.78
-959.18 -469.39 -1897.96
-918.37 -469.39 -1857.15
-877.55 -469.39 -1816.33
-836.73 -469.39 -1775.51
-795.92 -469.39 -1734.7
-755.1 -469.39 -1693.88
-714.29 -469.39 -1653.07
-673.47 -469.39 -1612.25
-632.65 -469.39 -1571.43
-591.84 -469.39 -1530.62
-551.02 -469.39 -1489.8
-510.2 -469.39 -1448.98
-469.39 -469.39 -1408.17
-428.57 -469.39 -1367.35
-387.76 -469.39 -1326.54
-346.94 -469.39 -1285.72
-306.12 -469.39 -1244.9
-265.31 -469.39 -1204.09
-224.49 -469.39 -1163.27
-183.67 -469.39 -1122.45
-142.86 -469.39 -1081.64
-102.04 -469.39 -1040.82
-61.22 -469.39 -1000.0
-20.41 -469.39 -959.19
20.41 -469.39 -918.37
61.22 -469.39 -877.56
102.04 -469.39 -836.74
142.86 -469.39 -795.92
183.67 -469.39 -755.11
224.49 -469.39 -714.29
265.31 -469.39 -673.47
306.12 -469.39 -632.66
346.94 -469.39 -591.84
387.76 -469.39 -551.02
428.57 -469.39 -510.21
469.39 -469.39 -469.39
510.2 -469.39 -428.58
551.02 -469.39 -387.76
591.84 -469.39 -346.94
632.65 -469.39 -306.13
673.47 -469.39 -265.31
714.29 -469.39 -224.49
755.1 -469.39 -183.68
795.92 -469.39 -142.86
836.73 -469.39 -102.05
877.55 -469.39 -61.23
918.37 -469.39 -20.41
959.18 -469.39 20.4
1000.0 -469.39 61.22
-1000.0 -428.57 -1857.14
-959.18 -428.57 -1816.32
-918.37 -428.57 -1775.51
-877.55 -428.57 -1734.69
-836.73 -428.57 -1693.87
-795.92 -428.57 -1653.06
-755.1 -428.57 -1612.24
-714.29 -428.57 -1571.43
-673.47 -428.57 -1530.61
-632.65 -428.57 -1489.79
-591.84 -428.57 -1448.98
-551.02 -428.57 -1408.16
-510.2 -428.57 -1367.34
-469.39 -428.57 -1326.53
-428.57 -428.57 -1285.71
-387.76 -428.57 -1244.9
-346.94 -428.57 -1204.08
-306.12 -428.57 -1163.26
-265.31 -428.57 -1122.45
-224.49 -428.57 -1081.63
-183.67 -428.57 -1040.81
-142.86 -428.57 -1000.0
-102.04 -428.57 -959.18
-61.22 -428.57 -918.36
-20.41 -428.57 -877.55
20.41 -428.57 -836.73
61.22 -428.57 -795.92
102.04 -428.57 -755.1
142.86 -428.57 -714.28
183.67 -428.57 -673.47
224.49 -428.57 -632.65
265.31 -428.57 -591.83
306.12 -428.57 -551.02
346.94 -428.57 -510.2
387.76 -428.57 -469.38
428.57 -428.57 -428.57
469.39 -428.57 -387.75
510.2 -428.57 -346.94
551.02 -428.57 -306.12
591.84 -428.57 -265.3
632.65 -428.57 -224.49
673.47 -428.57 -183.67
714.29 -428.57 -142.85
755.1 -428.57 -102.04
795.92 -428.57 -61.22
836.73 -428.57 -20.41
877.55 -428.57 20.41
918.37 -428.57 61.23
959.18 -428.57 102.04
1000.0 -428.57 142.86
-1000.0 -387.76 -1775.52
-959.18 -387.76 -1734.7
-918.37 -387.76 -1693.89
-877.55 -387.76 -1653.07
-836.73 -387.76 -1612.25
-795.92 -387.76 -1571.44
-755.1 -387.76 -1530.62
-714.29 -387.76 -1489.81
-673.47 -387.76 -1448.99
-632.65 -387.76 -1408.17
-591.84 -387.76 -1367.36
-551.02 -387.76 -1326.54
-510.2 -387.76 -1285.72
-469.39 -387.76 -1244.91
-428.57 -387.76 -1204.09
-387.76 -387.76 -1163.28
-346.94 -387.76 -1122.46
-306.12 -387.76 -1081.64
-265.31 -387.76 -1040.83
-224.49 -387.76 -1000.01
-183.67 -387.76 -959.19
-142.86 -387.76 -918.38
-102.04 -387.76 -877.56
-61.22 -387.76 -836.74
-20.41 -387.76 -795.93
20.41 -387.76 -755.11
61.22 -387.76 -714.3
102.04 -387.76 -673.48
142.86 -387.76 -632.66
183.67 -387.76 -591.85
224.49 -387.76 -551.03
265.31 -387.76 -510.21
306.12 -387.76 -469.4
346.94 -387.76 -428.58
387.76 -387.76 -387.76
428.57 -387.76 -346.95
469.39 -387.76 -306.13
510.2 -387.76 -265.32
551.02 -387.76 -224.5
591.84 -387.76 -183.68
632.65 -387.76 -142.87
673.47 -387.76 -102.05
714.29 -387.76 -61.23
755.1 -387.76 -20.42
795.92 -387.76 20.4
836.73 -387.76 61.21
877.55 -387.76 102.03
918.37 -387.76 142.85
959.18 -387.76 183.66
1000.0 -387.76 224.48
-1000.0 -346.94 -1693.88
-959.18 -346.94 -1653.06
-918.37 -346.94 -1612.25
-877.55 -346.94 -1571.43
-836.73 -346.94 -1530.61
-795.92 -346.94 -1489.8
-755.1 -346.94 -1448.98
-714.29 -346.94 -1408.17
-673.47 -346.94 -1367.35
-632.65 -346.94 -1326.53
-591.84 -346.94 -1285.72
-551.02 -346.94 -1244.9
-510.2 -346.94 -1204.08
-469.39 -346.94 -1163.27
-428.57 -346.94 -1122.45
-387.76 -346.94 -1081.64
-346.94 -346.94 -1040.82
-306.12 -346.94 -1000.0
-265.31 -346.94 -959.19
-224.49 -346.94 -918.37
-183.67 -346.94 -877.55
-142.86 -346.94 -836.74
-102.04 -346.94 -795.92
-61.22 -346.94 -755.1
-20.41 -346.94 -714.29
20.41 -346.94 -673.47
61.22 -346.94 -632.66
102.04 -346.94 -591.84
142.86 -346.94 -551.02
183.67 -346.94 -510.21
224.49 -346.94 -469.39
265.31 -346.94 -428.57
306.12 -346.94 -387.76
346.94 -346.94 -346.94
387.76 -346.94 -306.12
428.57 -346.94 -265.31
469.39 -346.94 -224.49
510.2 -346.94 -183.68
551.02 -346.94 -142.86
591.84 -346.94 -102.04
632.65 -346.94 -61.23
673.47 -346.94 -20.41
714.29 -346.94 20.41
755.1 -346.94 61.22
795.92 -346.94 102.04
836.73 -346.94 142.85
877.55 -346.94 183.67
918.37 -346.94 224.49
959.18 -346.94 265.3
1000.0 -346.94 306.12
-1000.0 -306.12 -1612.24
-959.18 -306.12 -1571.42
-918.37 -306.12 -1530.61
-877.55 -306.12 -1489.79
-836.73 -306.12 -1448.97
-795.92 -306.12 -1408.16
-755.1 -306.12 -1367.34
-714.29 -306.12 -1326.53
-673.47 -306.12 -1285.71
-632.65 -306.12 -1244.89
-591.84 -306.12 -1204.08
-551.02 -306.12 -1163.26
-510.2 -306.12 -1122.44
-469.39 -306.12 -1081.63
-428.57 -306.12 -1040.81
-387.76 -306.12 -1000.0
-346.94 -306.12 -959.18
-306.12 -306.12 -918.36
-265.31 -306.12 -877.55
-224.49 -306.12 -836.73
-183.67 -306.12 -795.91
-142.86 -306.12 -755.1
-102.04 -306.12 -714.28
-61.22 -306.12 -673.46
-20.41 -306.12 -632.65
20.41 -306.12 -591.83
61.22 -306.12 -551.02
102.04 -306.12 -510.2
142.86 -306.12 -469.38
183.67 -306.12 -428.57
224.49 -306.12 -387.75
265.31 -306.12 -346.93
306.12 -306.12 -306.12
346.94 -306.12 -265.3
387.76 -306.12 -224.48
428.57 -306.12 -183.67
469.39 -306.12 -142.85
510.2 -306.12 -102.04
551.02 -306.12 -61.22
591.84 -306.12 -20.4
632.65 -306.12 20.41
673.47 -306.12 61.23
714.29 -306.12 102.05
755.1 -306.12 142.86
795.92 -306.12 183.68
836.73 -306.12 224.49
877.55 -306.12 265.31
918.37 -306.12 306.13
959.18 -306.12 346.94
1000.0 -306.12 387.76
-1000.0 -265.31 -1530.62
-959.18 -265.31 -1489.8
-918.37 -265.31 -1448.99
-877.55 -265.31 -1408.17
-836.73 -265.31 -1367.35
-795.92 -265.31 -1326.54
-755.1 -265.31 -1285.72
-714.29 -265.31 -1244.91
-673.47 -265.31 -1204.09
-632.65 -265.31 -1163.27
-591.84 -265.31 -1122.46
-551.02 -265.31 -1081.64
-510.2 -265.31 -1040.82
-469.39 -265.31 -1000.01
-428.57 -265.31 -959.19
-387.76 -265.31 -918.38
-346.94 -265.31 -877.56
-306.12 -265.31 -836.74
-265.31 -265.31 -795.93
-224.49 -265.31 -755.11
-183.67 -265.31 -714.29
-142.86 -265.31 -673.48
-102.04 -265.31 -632.66
-61.22 -265.31 -591.84
-20.41 -265.31 -551.03
20.41 -265.31 -510.21
61.22 -265.31 -469.4
102.04 -265.31 -428.58
142.86 -265.31 -387.76
183.67 -265.31 -346.95
224.49 -265.31 -306.13
265.31 -265.31 -265.31
306.12 -265.31 -224.5
346.94 -265.31 -183.68
387.76 -265.31 -142.86
428.57 -265.31 -102.05
469.39 -265.31 -61.23
510.2 -265.31 -20.42
551.02 -265.31 20.4
591.84 -265.31 61.22
632.65 -265.31 102.03
673.47 -265.31 142.85
714.29 -265.31 183.67
755.1 -265.31 224.48
795.92 -265.31 265.3
836.73 -265.31 306.11
877.55 -265.31 346.93
918.37 -265.31 387.75
959.18 -265.31 428.56
1000.0 -265.31 469.38
-1000.0 -224.49 -1448.98
-959.18 -224.49 -1408.16
-918.37 -224.49 -1367.35
-877.55 -224.49 -1326.53
-836.73 -224.49 -1285.71
-795.92 -224.49 -1244.9
-755.1 -224.49 -1204.08
-714.29 -224.49 -1163.27
-673.47 -224.49 -1122.45
-632.65 -224.49 -1081.63
-591.84 -224.49 -1040.82
-551.02 -224.49 -1000.0
-510.2 -224.49 -959.18
-469.39 -224.49 -918.37
-428.57 -224.49 -877.55
-387.76 -224.49 -836.74
-346.94 -224.49 -795.92
-306.12 -224.49 -755.1
-265.31 -224.49 -714.29
-224.49 -224.49 -673.47
-183.67 -224.49 -632.65
-142.86 -224.49 -591.84
-102.04 -224.49 -551.02
-61.22 -224.49 -510.2
-20.41 -224.49 -469.39
20.41 -224.49 -428.57
61.22 -224.49 -387.76
102.04 -224.49 -346.94
142.86 -224.49 -306.12
183.67 -224.49 -265.31
224.49 -224.49 -224.49
265.31 -224.49 -183.67
306.12 -224.49 -142.86
346.94 -224.49 -102.04
387.76 -224.49 -61.22
428.57 -224.49 -20.41
469.39 -224.49 20.41
510.2 -224.49 61.22
551.02 -224.49 102.04
591.84 -224.49 142.86
632.65 -224.49 183.67
673.47 -224.49 224.49
714.29 -224.49 265.31
755.1 -224.49 306.12
795.92 -224.49 346.94
836.73 -224.49 387.75
877.55 -224.49 428.57
918.37 -224.49 469.39
959.18 -224.49 510.2
1000.0 -224.49 551.02
-1000.0 -183.67 -1367.34
-959.18 -183.67 -1326.52
-918.37 -183.67 -1285.71
-877.55 -183.67 -1244.89
-836.73 -183.67 -1204.07
-795.92 -183.67 -1163.26
-755.1 -183.67 -1122.44
-714.29 -183.67 -1081.63
-673.47 -183.67 -1040.81
-632.65 -183.67 -999.99
-591.84 -183.67 -959.18
-551.02 -183.67 -918.36
-510.2 -183.67 -877.54
-469.39 -183.67 -836.73
-428.57 -183.67 -795.91
-387.76 -183.67 -755.1
-346.94 -183.67 -714.28
-306.12 -183.67 -673.46
-265.31 -183.67 -632.65
-224.49 -183.67 -591.83
-183.67 -183.67 -551.01
-142.86 -183.67 -510.2
-102.04 -183.67 -469.38
-61.22 -183.67 -428.56
-20.41 -183.67 -387.75
20.41 -183.67 -346.93
61.22 -183.67 -306.12
102.04 -183.67 -265.3
142.86 -183.67 -224.48
183.67 -183.67 -183.67
224.49 -183.67 -142.85
265.31 -183.67 -102.03
306.12 -183.67 -61.22
346.94 -183.67 -20.4
387.76 -183.67 20.42
428.57 -183.67 61.23
469.39 -183.67 102.05
510.2 -183.67 142.86
551.02 -183.67 183.68
591.84 -183.67 224.5
632.65 -183.67 265.31
673.47 -183.67 306.13
714.29 -183.67 346.95
755.1 -183.67 387.76
795.92 -183.67 428.58
836.73 -183.67 469.39
877.55 -183.67 510.21
918.37 -183.67 551.03
959.18 -183.67 591.84
1000.0 -183.67 632.66
-1000.0 -142.86 -1285.72
-959.18 -142.86 -1244.9
-918.37 -142.86 -1204.09
-877.55 -142.86 -1163.27
-836.73 -142.86 -1122.45
-795.92 -142.86 -1081.64
-755.1 -142.86 -1040.82
-714.29 -142.86 -1000.01
-673.47 -142.86 -959.19
-632.65 -142.86 -918.37
-591.84 -142.86 -877.56
-551.02 -142.86 -836.74
-510.2 -142.86 -795.92
-469.39 -142.86 -755.11
-428.57 -142.86 -714.29
-387.76 -142.86 -673.48
-346.94 -142.86 -632.66
-306.12 -142.86 -591.84
-265.31 -142.86 -551.03
-224.49 -142.86 -510.21
-183.67 -142.86 -469.39
-142.86 -142.86 -428.58
-102.04 -142.86 -387.76
-61.22 -142.86 -346.94
-20.41 -142.86 -306.13
20.41 -142.86 -265.31
61.22 -142.86 -224.5
102.04 -142.86 -183.68
142.86 -142.86 -142.86
183.67 -142.86 -102.05
224.49 -142.86 -61.23
265.31 -142.86 -20.41
306.12 -142.86 20.4
346.94 -142.86 61.22
387.76 -142.86 102.04
428.57 -142.86 142.85
469.39 -142.86 183.67
510.2 -142.86 224.48
551.02 -142.86 265.3
591.84 -142.86 306.12
632.65 -142.86 346.93
673.47 -142.86 387.75
714.29 -142.86 428.57
755.1 -142.86 469.38
795.92 -142.86 510.2
836.73 -142.86 551.01
877.55 -142.86 591.83
918.37 -142.86 632.65
959.18 -142.86 673.46
1000.0 -142.86 714.28
-1000.0 -102.04 -1204.08
-959.18 -102.04 -1163.26
-918.37 -102.04 -1122.45
-877.55 -102.04 -1081.63
-836.73 -102.04 -1040.81
-795.92 -102.04 -1000.0
-755.1 -102.04 -959.18
-714.29 -102.04 -918.37
-673.47 -102.04 -877.55
-632.65 -102.04 -836.73
-591.84 -102.04 -795.92
-551.02 -102.04 -755.1
-510.2 -102.04 -714.28
-469.39 -102.04 -673.47
-428.57 -102.04 -632.65
-387.76 -102.04 -591.84
-346.94 -102.04 -551.02
-306.12 -102.04 -510.2
-265.31 -102.04 -469.39
-224.49 -102.04 -428.57
-183.67 -102.04 -387.75
-142.86 -102.04 -346.94
-102.04 -102.04 -306.12
-61.22 -102.04 -265.3
-20.41 -102.04 -224.49
20.41 -102.04 -183.67
61.22 -102.04 -142.86
102.04 -102.04 -102.04
142.86 -102.04 -61.22
183.67 -102.04 -20.41
224.49 -102.04 20.41
265.31 -102.04 61.23
306.12 -102.04 102.04
346.94 -102.04 142.86
387.76 -102.04 183.68
428.57 -102.04 224.49
469.39 -102.04 265.31
510.2 -102.04 306.12
551.02 -102.04 346.94
591.84 -102.04 387.76
632.65 -102.04 428.57
673.47 -102.04 469.39
714.29 -102.04 510.21
755.1 -102.04 551.02
795.92 -102.04 591.84
836.73 -102.04 632.65
877.55 -102.04 673.47
918.37 -102.04 714.29
959.18 -102.04 755.1
1000.0 -102.04 795.92
-1000.0 -61.22 -1122.44
-959.18 -61.22 -1081.62
-918.37 -61.22 -1040.81
-877.55 -61.22 -999.99
-836.73 -61.22 -959.17
-795.92 -61.22 -918.36
-755.1 -61.22 -877.54
-714.29 -61.22 -836.73
-673.47 -61.22 -795.91
-632.65 -61.22 -755.09
-591.84 -61.22 -714.28
-551.02 -61.22 -673.46
-510.2 -61.22 -632.64
-469.39 -61.22 -591.83
-428.57 -61.22 -551.01
-387.76 -61.22 -510.2
-346.94 -61.22 -469.38
-306.12 -61.22 -428.56
-265.31 -61.22 -387.75
-224.49 -61.22 -346.93
-183.67 -61.22 -306.11
-142.86 -61.22 -265.3
-102.04 -61.22 -224.48
-61.22 -61.22 -183.66
-20.41 -61.22 -142.85
20.41 -61.22 -102.03
61.22 -61.22 -61.22
102.04 -61.22 -20.4
142.86 -61.22 20.42
183.67 -61.22 61.23
224.49 -61.22 102.05
265.31 -61.22 142.87
306.12 -61.22 183.68
346.94 -61.22 224.5
387.76 -61.22 265.32
428.57 -61.22 306.13
469.39 -61.22 346.95
510.2 -61.22 387.76
551.02 -61.22 428.58
591.84 -61.22 469.4
632.65 -61.22 510.21
673.47 -61.22 551.03
714.29 -61.22 591.85
755.1 -61.22 632.66
795.92 -61.22 673.48
836.73 -61.22 714.29
877.55 -61.22 755.11
918.37 -61.22 795.93
959.18 -61.22 836.74
1000.0 -61.22 877.56
-1000.0 -20.41 -1040.82
-959.18 -20.41 -1000.0
-918.37 -20.41 -959.19
-877.55 -20.41 -918.37
-836.73 -20.41 -877.55
-795.92 -20.41 -836.74
-755.1 -20.41 -795.92
-714.29 -20.41 -755.11
-673.47 -20.41 -714.29
-632.65 -20.41 -673.47
-591.84 -20.41 -632.66
-551.02 -20.41 -591.84
-510.2 -20.41 -551.02
-469.39 -20.41 -510.21
-428.57 -20.41 -469.39
-387.76 -20.41 -428.58
-346.94 -20.41 -387.76
-306.12 -20.41 -346.94
-265.31 -20.41 -306.13
-224.49 -20.41 -265.31
-183.67 -20.41 -224.49
-142.86 -20.41 -183.68
-102.04 -20.41 -142.86
-61.22 -20.41 -102.04
-20.41 -20.41 -61.23
20.41 -20.41 -20.41
61.22 -20.41 20.4
102.04 -20.41 61.22
142.86 -20.41 102.04
183.67 -20.41 142.85
224.49 -20.41 183.67
265.31 -20.41 224.49
306.12 -20.41 265.3
346.94 -20.41 306.12
387.76 -20.41 346.94
428.57 -20.41 387.75
469.39 -20.41 428.57
510.2 -20.41 469.38
551.02 -20.41 510.2
591.84 -20.41 551.02
632.65 -20.41 591.83
673.47 -20.41 632.65
714.29 -20.41 673.47
755.1 -20.41 714.28
795.92 -20.41 755.1
836.73 -20.41 795.91
877.55 -20.41 836.73
918.37 -20.41 877.55
959.18 -20.41 918.36
1000.0 -20.41 959.18
-1000.0 20.41 -959.18
-959.18 20.41 -918.36
-918.37 20.41 -877.55
-877.55 20.41 -836.73
-836.73 20.41 -795.91
-795.92 20.41 -755.1
-755.1 20.41 -714.28
-714.29 20.41 -673.47
-673.47 20.41 -632.65
-632.65 20.41 -591.83
-591.84 20.41 -551.02
-551.02 20.41 -510.2
-510.2 20.41 -469.38
-469.39 20.41 -428.57
-428.57 20.41 -387.75
-387.76 20.41 -346.94
-346.94 20.41 -306.12
-306.12 20.41 -265.3
-265.31 20.41 -224.49
-224.49 20.41 -183.67
-183.67 20.41 -142.85
-142.86 20.41 -102.04
-102.04 20.41 -61.22
-61.22 20.41 -20.4
-20.41 20.41 20.41
20.41 20.41 61.23
61.22 20.41 102.04
102.04 20.41 142.86
142.86 20.41 183.68
183.67 20.41 224.49
224.49 20.41 265.31
265.31 20.41 306.13
306.12 20.41 346.94
346.94 20.41 387.76
387.76 20.41 428.58
428.57 20.41 469.39
469.39 20.41 510.21
510.2 20.41 551.02
551.02 20.41 591.84
591.84 20.41 632.66
632.65 20.41 673.47
673.47 20.41 714.29
714.29 20.41 755.11
755.1 20.41 795.92
795.92 20.41 836.74
836.73 20.41 877.55
877.55 20.41 918.37
918.37 20.41 959.19
959.18 20.41 1000.0
1000.0 20.41 1040.82
-1000.0 61.22 -877.56
-959.18 61.22 -836.74
-918.37 61.22 -795.93
-877.55 61.22 -755.11
-836.73 61.22 -714.29
-795.92 61.22 -673.48
-755.1 61.22 -632.66
-714.29 61.22 -591.85
-673.47 61.22 -551.03
-632.65 61.22 -510.21
-591.84 61.22 -469.4
-551.02 61.22 -428.58
-510.2 61.22 -387.76
-469.39 61.22 -346.95
-428.57 61.22 -306.13
-387.76 61.22 -265.32
-346.94 61.22 -224.5
-306.12 61.22 -183.68
-265.31 61.22 -142.87
-224.49 61.22 -102.05
-183.67 61.22 -61.23
-142.86 61.22 -20.42
-102.04 61.22 20.4
-61.22 61.22 61.22
-20.41 61.22 102.03
20.41 61.22 142.85
61.22 61.22 183.66
102.04 61.22 224.48
142.86 61.22 265.3
183.67 61.22 306.11
224.49 61.22 346.93
265.31 61.22 387.75
306.12 61.22 428.56
346.94 61.22 469.38
387.76 61.22 510.2
428.57 61.22 551.01
469.39 61.22 591.83
510.2 61.22 632.64
551.02 61.22 673.46
591.84 61.22 714.28
632.65 61.22 755.09
673.47 61.22 795.91
714.29 61.22 836.73
755.1 61.22 877.54
795.92 61.22 918.36
836.73 61.22 959.17
877.55 61.22 999.99
918.37 61.22 1040.81
959.18 61.22 1081.62
1000.0 61.22 1122.44
-1000.0 102.04 -795.92
-959.18 102.04 -755.1
-918.37 102.04 -714.29
-877.55 102.04 -673.47
-836.73 102.04 -632.65
-795.92 102.04 -591.84
-755.1 102.04 -551.02
-714.29 102.04 -510.21
-673.47 102.04 -469.39
-632.65 102.04 -428.57
-591.84 102.04 -387.76
-551.02 102.04 -346.94
-510.2 102.04 -306.12
-469.39 102.04 -265.31
-428.57 102.04 -224.49
-387.76 102.04 -183.68
-346.94 102.04 -142.86
-306.12 102.04 -102.04
-265.31 102.04 -61.23
-224.49 102.04 -20.41
-183.67 102.04 20.41
-142.86 102.04 61.22
-102.04 102.04 102.04
-61.22 102.04 142.86
-20.41 102.04 183.67
20.41 102.04 224.49
61.22 102.04 265.3
102.04 102.04 306.12
142.86 102.04 346.94
183.67 102.04 387.75
224.49 102.04 428.57
265.31 102.04 469.39
306.12 102.04 510.2
346.94 102.04 551.02
387.76 102.04 591.84
428.57 102.04 632.65
469.39 102.04 673.47
510.2 102.04 714.28
551.02 102.04 755.1
591.84 102.04 795.92
632.65 102.04 836.73
673.47 102.04 877.55
714.29 102.04 918.37
755.1 102.04 959.18
795.92 102.04 1000.0
836.73 102.04 1040.81
877.55 102.04 1081.63
918.37 102.04 1122.45
959.18 102.04 1163.26
1000.0 102.04 1204.08
-1000.0 142.86 -714.28
-959.18 142.86 -673.46
-918.37 142.86 -632.65
-877.55 142.86 -591.83
-836.73 142.86 -551.01
-795.92 142.86 -510.2
-755.1 142.86 -469.38
-714.29 142.86 -428.57
-673.47 142.86 -387.75
-632.65 142.86 -346.93
-591.84 142.86 -306.12
-551.02 142.86 -265.3
-510.2 142.86 -224.48
-469.39 142.86 -183.67
-428.57 142.86 -142.85
-387.76 142.86 -102.04
-346.94 142.86 -61.22
-306.12 142.86 -20.4
-265.31 142.86 20.41
-224.49 142.86 61.23
-183.67 142.86 102.05
-142.86 142.86 142.86
-102.04 142.86 183.68
-61.22 142.86 224.5
-20.41 142.86 265.31
20.41 142.86 306.13
61.22 142.86 346.94
102.04 142.86 387.76
142.86 142.86 428.58
183.67 142.86 469.39
224.49 142.86 510.21
265.31 142.86 551.03
306.12 142.86 591.84
346.94 142.86 632.66
387.76 142.86 673.48
428.57 142.86 714.29
469.39 142.86 755.11
510.2 142.86 795.92
551.02 142.86 836.74
591.84 142.86 877.56
632.65 142.86 918.37
673.47 142.86 959.19
714.29 142.86 1000.01
755.1 142.86 1040.82
795.92 142.86 1081.64
836.73 142.86 1122.45
877.55 142.86 1163.27
918.37 142.86 1204.09
959.18 142.86 1244.9
1000.0 142.86 1285.72
-1000.0 183.67 -632.66
-959.18 183.67 -591.84
-918.37 183.67 -551.03
-877.55 183.67 -510.21
-836.73 183.67 -469.39
-795.92 183.67 -428.58
-755.1 183.67 -387.76
-714.29 183.67 -346.95
-673.47 183.67 -306.13
-632.65 183.67 -265.31
-591.84 183.67 -224.5
-551.02 183.67 -183.68
-510.2 183.67 -142.86
-469.39 183.67 -102.05
-428.57 183.67 -61.23
-387.76 183.67 -20.42
-346.94 183.67 20.4
-306.12 183.67 61.22
-265.31 183.67 102.03
-224.49 183.67 142.85
-183.67 183.67 183.67
-142.86 183.67 224.48
-102.04 183.67 265.3
-61.22 183.67 306.12
-20.41 183.67 346.93
20.41 183.67 387.75
61.22 183.67 428.56
102.04 183.67 469.38
142.86 183.67 510.2
183.67 183.67 551.01
224.49 183.67 591.83
265.31 183.67 632.65
306.12 183.67 673.46
346.94 183.67 714.28
387.76 183.67 755.1
428.57 183.67 795.91
469.39 183.67 836.73
510.2 183.67 877.54
551.02 183.67 918.36
591.84 183.67 959.18
632.65 183.67 999.99
673.47 183.67 1040.81
714.29 183.67 1081.63
755.1 183.67 1122.44
795.92 183.67 1163.26
836.73 183.67 1204.07
877.55 183.67 1244.89
918.37 183.67 1285.71
959.18 183.67 1326.52
1000.0 183.67 1367.34
-1000.0 224.49 -551.02
-959.18 224.49 -510.2
-918.37 224.49 -469.39
-877.55 224.49 -428.57
-836.73 224.49 -387.75
-795.92 224.49 -346.94
-755.1 224.49 -306.12
-714.29 224.49 -265.31
-673.47 224.49 -224.49
-632.65 224.49 -183.67
-591.84 224.49 -142.86
-551.02 224.49 -102.04
-510.2 224.49 -61.22
-469.39 224.49 -20.41
-428.57 224.49 20.41
-387.76 224.49 61.22
-346.94 224.49 102.04
-306.12 224.49 142.86
-265.31 224.49 183.67
-224.49 224.49 224.49
-183.67 224.49 265.31
-142.86 224.49 306.12
-102.04 224.49 346.94
-61.22 224.49 387.76
-20.41 224.49 428.57
20.41 224.49 469.39
61.22 224.49 510.2
102.04 224.49 551.02
142.86 224.49 591.84
183.67 224.49 632.65
224.49 224.49 673.47
265.31 224.49 714.29
306.12 224.49 755.1
346.94 224.49 795.92
387.76 224.49 836.74
428.57 224.49 877.55
469.39 224.49 918.37
510.2 224.49 959.18
551.02 224.49 1000.0
591.84 224.49 1040.82
632.65 224.49 1081.63
673.47 224.49 1122.45
714.29 224.49 1163.27
755.1 224.49 1204.08
795.92 224.49 1244.9
836.73 224.49 1285.71
877.55 224.49 1326.53
918.37 224.49 1367.35
959.18 224.49 1408.16
1000.0 224.49 1448.98
-1000.0 265.31 -469.38
-959.18 265.31 -428.56
-918.37 265.31 -387.75
-877.55 265.31 -346.93
-836.73 265.31 -306.11
-795.92 265.31 -265.3
-755.1 265.31 -224.48
-714.29 265.31 -183.67
-673.47 265.31 -142.85
-632.65 265.31 -102.03
-591.84 265.31 -61.22
-551.02 265.31 -20.4
-510.2 265.31 20.42
-469.39 265.31 61.23
-428.57 265.31 102.05
-387.76 265.31 142.86
-346.94 265.31 183.68
-306.12 265.31 224.5
-265.31 265.31 265.31
-224.49 265.31 306.13
-183.67 265.31 346.95
-142.86 265.31 387.76
-102.04 265.31 428.58
-61.22 265.31 469.4
-20.41 265.31 510.21
20.41 265.31 551.03
61.22 265.31 591.84
102.04 265.31 632.66
142.86 265.31 673.48
183.67 265.31 714.29
224.49 265.31 755.11
265.31 265.31 795.93
306.12 265.31 836.74
346.94 265.31 877.56
387.76 265.31 918.38
428.57 265.31 959.19
469.39 265.31 1000.01
510.2 265.31 1040.82
551.02 265.31 1081.64
591.84 265.31 1122.46
632.65 265.31 1163.27
673.47 265.31 1204.09
714.29 265.31 1244.91
755.1 265.31 1285.72
795.92 265.31 1326.54
836.73 265.31 1367.35
877.55 265.31 1408.17
918.37 265.31 1448.99
959.18 265.31 1489.8
1000.0 265.31 1530.62
-1000.0 306.12 -387.76
-959.18 306.12 -346.94
-918.37 306.12 -306.13
-877.55 306.12 -265.31
-836.73 306.12 -224.49
-795.92 306.12 -183.68
-755.1 306.12 -142.86
-714.29 306.12 -102.05
-673.47 306.12 -61.23
-632.65 306.12 -20.41
-591.84 306.12 20.4
-551.02 306.12 61.22
-510.2 306.12 102.04
-469.39 306.12 142.85
-428.57 306.12 183.67
-387.76 306.12 224.48
-346.94 306.12 265.3
-306.12 306.12 306.12
-265.31 306.12 346.93
-224.49 306.12 387.75
-183.67 306.12 428.57
-142.86 306.12 469.38
-102.04 306.12 510.2
-61.22 306.12 551.02
-20.41 306.12 591.83
20.41 306.12 632.65
61.22 306.12 673.46
102.04 306.12 714.28
142.86 306.12 755.1
183.67 306.12 795.91
224.49 306.12 836.73
265.31 306.12 877.55
306.12 306.12 918.36
346.94 306.12 959.18
387.76 306.12 1000.0
428.57 306.12 1040.81
469.39 306.12 1081.63
510.2 306.12 1122.44
551.02 306.12 1163.26
591.84 306.12 1204.08
632.65 306.12 1244.89
673.47 306.12 1285.71
714.29 306.12 1326.53
755.1 306.12 1367.34
795.92 306.12 1408.16
836.73 306.12 1448.97
877.55 306.12 1489.79
918.37 306.12 1530.61
959.18 306.12 1571.42
1000.0 306.12 1612.24
-1000.0 346.94 -306.12
-959.18 346.94 -265.3
-918.37 346.94 -224.49
-877.55 346.94 -183.67
-836.73 346.94 -142.85
-795.92 346.94 -102.04
-755.1 346.94 -61.22
-714.29 346.94 -20.41
-673.47 346.94 20.41
-632.65 346.94 61.23
-591.84 346.94 102.04
-551.02 346.94 142.86
-510.2 346.94 183.68
-469.39 346.94 224.49
-428.57 346.94 265.31
-387.76 346.94 306.12
-346.94 346.94 346.94
-306.12 346.94 387.76
-265.31 346.94 428.57
-224.49 346.94 469.39
-183.67 346.94 510.21
-142.86 346.94 551.02
-102.04 346.94 591.84
-61.22 346.94 632.66
-20.41 346.94 673.47
20.41 346.94 714.29
61.22 346.94 755.1
102.04 346.94 795.92
142.86 346.94 836.74
183.67 346.94 877.55
224.49 346.94 918.37
265.31 346.94 959.19
306.12 346.94 1000.0
346.94 346.94 1040.82
387.76 346.94 1081.64
428.57 346.94 1122.45
469.39 346.94 1163.27
510.2 346.94 1204.08
551.02 346.94 1244.9
591.84 346.94 1285.72
632.65 346.94 1326.53
673.47 346.94 1367.35
714.29 346.94 1408.17
755.1 346.94 1448.98
795.92 346.94 1489.8
836.73 346.94 1530.61
877.55 346.94 1571.43
918.37 346.94 1612.25
959.18 346.94 1653.06
1000.0 346.94 1693.88
-1000.0 387.76 -224.48
-959.18 387.76 -183.66
-918.37 387.76 -142.85
-877.55 387.76 -102.03
-836.73 387.76 -61.21
-795.92 387.76 -20.4
-755.1 387.76 20.42
-714.29 387.76 61.23
-673.47 387.76 102.05
-632.65 387.76 142.87
-591.84 387.76 183.68
-551.02 387.76 224.5
-510.2 387.76 265.32
-469.39 387.76 306.13
-428.57 387.76 346.95
-387.76 387.76 387.76
-346.94 387.76 428.58
-306.12 387.76 469.4
-265.31 387.76 510.21
-224.49 387.76 551.03
-183.67 387.76 591.85
-142.86 387.76 632.66
-102.04 387.76 673.48
-61.22 387.76 714.3
-20.41 387.76 755.11
20.41 387.76 795.93
61.22 387.76 836.74
102.04 387.76 877.56
142.86 387.76 918.38
183.67 387.76 959.19
224.49 387.76 1000.01
265.31 387.76 1040.83
306.12 387.76 1081.64
346.94 387.76 1122.46
387.76 387.76 1163.28
428.57 387.76 1204.09
469.39 387.76 1244.91
510.2 387.76 1285.72
551.02 387.76 1326.54
591.84 387.76 1367.36
632.65 387.76 1408.17
673.47 387.76 1448.99
714.29 387.76 1489.81
755.1 387.76 1530.62
795.92 387.76 1571.44
836.73 387.76 1612.25
877.55 387.76 1653.07
918.37 387.76 1693.89
959.18 387.76 1734.7
1000.0 387.76 1775.52
-1000.0 428.57 -142.86
-959.18 428.57 -102.04
-918.37 428.57 -61.23
-877.55 428.57 -20.41
-836.73 428.57 20.41
-795.92 428.57 61.22
-755.1 428.57 102.04
-714.29 428.57 142.85
-673.47 428.57 183.67
-632.65 428.57 224.49
-591.84 428.57 265.3
-551.02 428.57 306.12
-510.2 428.57 346.94
-469.39 428.57 387.75
-428.57 428.57 428.57
-387.76 428.57 469.38
-346.94 428.57 510.2
-306.12 428.57 551.02
-265.31 428.57 591.83
-224.49 428.57 632.65
-183.67 428.57 673.47
-142.86 428.57 714.28
-102.04 428.57 755.1
-61.22 428.57 795.92
-20.41 428.57 836.73
20.41 428.57 877.55
61.22 428.57 918.36
102.04 428.57 959.18
142.86 428.57 1000.0
183.67 428.57 1040.81
224.49 428.57 1081.63
265.31 428.57 1122.45
306.12 428.57 1163.26
346.94 428.57 1204.08
387.76 428.57 1244.9
428.57 428.57 1285.71
469.39 428.57 1326.53
510.2 428.57 1367.34
551.02 428.57 1408.16
591.84 428.57 1448.98
632.65 428.57 1489.79
673.47 428.57 1530.61
714.29 428.57 1571.43
755.1 428.57 1612.24
795.92 428.57 1653.06
836.73 428.57 1693.87
877.55 428.57 1734.69
918.37 428.57 1775.51
959.18 428.57 1816.32
1000.0 428.57 1857.14
-1000.0 469.39 -61.22
-959.18 469.39 -20.4
-918.37 469.39 20.41
-877.55 469.39 61.23
-836.73 469.39 102.05
-795.92 469.39 142.86
-755.1 469.39 183.68
-714.29 469.39 224.49
-673.47 469.39 265.31
-632.65 469.39 306.13
-591.84 469.39 346.94
-551.02 469.39 387.76
-510.2 469.39 428.58
-469.39 469.39 469.39
-428.57 469.39 510.21
-387.76 469.39 551.02
-346.94 469.39 591.84
-306.12 469.39 632.66
-265.31 469.39 673.47
-224.49 469.39 714.29
-183.67 469.39 755.11
-142.86 469.39 795.92
-102.04 469.39 836.74
-61.22 469.39 877.56
-20.41 469.39 918.37
20.41 469.39 959.19
61.22 469.39 1000.0
102.04 469.39 1040.82
142.86 469.39 1081.64
183.67 469.39 1122.45
224.49 469.39 1163.27
265.31 469.39 1204.09
306.12 469.39 1244.9
346.94 469.39 1285.72
387.76 469.39 1326.54
428.57 469.39 1367.35
469.39 469.39 1408.17
510.2 469.39 1448.98
551.02 469.39 1489.8
591.84 469.39 1530.62
632.65 469.39 1571.43
673.47 469.39 1612.25
714.29 469.39 1653.07
755.1 469.39 1693.88
795.92 469.39 1734.7
836.73 469.39 1775.51
877.55 469.39 1816.33
918.37 469.39 1857.15
959.18 469.39 1897.96
1000.0 469.39 1938.78
-1000.0 510.2 20.4
-959.18 510.2 61.22
-918.37 510.2 102.03
-877.55 510.2 142.85
-836.73 510.2 183.67
-795.92 510.2 224.48
-755.1 510.2 265.3
-714.29 510.2 306.11
-673.47 510.2 346.93
-632.65 510.2 387.75
-591.84 510.2 428.56
-551.02 510.2 469.38
-510.2 510.2 510.2
-469.39 510.2 551.01
-428.57 510.2 591.83
-387.76 510.2 632.64
-346.94 510.2 673.46
-306.12 510.2 714.28
-265.31 510.2 755.09
-224.49 510.2 795.91
-183.67 510.2 836.73
-142.86 510.2 877.54
-102.04 510.2 918.36
-61.22 510.2 959.18
-20.41 510.2 999.99
20.41 510.2 1040.81
61.22 510.2 1081.62
102.04 510.2 1122.44
142.86 510.2 1163.26
183.67 510.2 1204.07
224.49 510.2 1244.89
265.31 510.2 1285.71
306.12 510.2 1326.52
346.94 510.2 1367.34
387.76 510.2 1408.16
428.57 510.2 1448.97
469.39 510.2 1489.79
510.2 510.2 1530.6
551.02 510.2 1571.42
591.84 510.2 1612.24
632.65 510.2 1653.05
673.47 510.2 1693.87
714.29 510.2 1734.69
755.1 510.2 1775.5
795.92 510.2 1816.32
836.73 510.2 1857.13
877.55 510.2 1897.95
918.37 510.2 1938.77
959.18 510.2 1979.58
1000.0 510.2 2020.4
-1000.0 551.02 102.04
-959.18 551.02 142.86
-918.37 551.02 183.67
-877.55 551.02 224.49
-836.73 551.02 265.31
-795.92 551.02 306.12
-755.1 551.02 346.94
-714.29 551.02 387.75
-673.47 551.02 428.57
-632.65 551.02 469.39
-591.84 551.02 510.2
-551.02 551.02 551.02
-510.2 551.02 591.84
-469.39 551.02 632.65
-428.57 551.02 673.47
-387.76 551.02 714.28
-346.94 551.02 755.1
-306.12 551.02 795.92
-265.31 551.02 836.73
-224.49 551.02 877.55
-183.67 551.02 918.37
-142.86 551.02 959.18
-102.04 551.02 1000.0
-61.22 551.02 1040.82
-20.41 551.02 1081.63
20.41 551.02 1122.45
61.22 551.02 1163.26
102.04 551.02 1204.08
142.86 551.02 1244.9
183.67 551.02 1285.71
224.49 551.02 1326.53
265.31 551.02 1367.35
306.12 551.02 1408.16
346.94 551.02 1448.98
387.76 551.02 1489.8
428.57 551.02 1530.61
469.39 551.02 1571.43
510.2 551.02 1612.24
551.02 551.02 1653.06
591.84 551.02 1693.88
632.65 551.02 1734.69
673.47 551.02 1775.51
714.29 551.02 1816.33
755.1 551.02 1857.14
795.92 551.02 1897.96
836.73 551.02 1938.77
877.55 551.02 1979.59
918.37 551.02 2020.41
959.18 551.02 2061.22
1000.0 551.02 2102.04
-1000.0 591.84 183.68
-959.18 591.84 224.5
-918.37 591.84 265.31
-877.55 591.84 306.13
-836.73 591.84 346.95
-795.92 591.84 387.76
-755.1 591.84 428.58
-714.29 591.84 469.39
-673.47 591.84 510.21
-632.65 591.84 551.03
-591.84 591.84 591.84
-551.02 591.84 632.66
-510.2 591.84 673.48
-469.39 591.84 714.29
-428.57 591.84 755.11
-387.76 591.84 795.92
-346.94 591.84 836.74
-306.12 591.84 877.56
-265.31 591.84 918.37
-224.49 591.84 959.19
-183.67 591.84 1000.01
-142.86 591.84 1040.82
-102.04 591.84 1081.64
-61.22 591.84 1122.46
-20.41 591.84 1163.27
20.41 591.84 1204.09
61.22 591.84 1244.9
102.04 591.84 1285.72
142.86 591.84 1326.54
183.67 591.84 1367.35
224.49 591.84 1408.17
265.31 591.84 1448.99
306.12 591.84 1489.8
346.94 591.84 1530.62
387.76 591.84 1571.44
428.57 591.84 1612.25
469.39 591.84 1653.07
510.2 591.84 1693.88
551.02 591.84 1734.7
591.84 591.84 1775.52
632.65 591.84 1816.33
673.47 591.84 1857.15
714.29 591.84 1897.97
755.1 591.84 1938.78
795.92 591.84 1979.6
836.73 591.84 2020.41
877.55 591.84 2061.23
918.37 591.84 2102.05
959.18 591.84 2142.86
1000.0 591.84 2183.68
-1000.0 632.65 265.3
-959.18 632.65 306.12
-918.37 632.65 346.93
-877.55 632.65 387.75
-836.73 632.65 428.57
-795.92 632.65 469.38
-755.1 632.65 510.2
-714.29 632.65 551.01
-673.47 632.65 591.83
-632.65 632.65 632.65
-591.84 632.65 673.46
-551.02 632.65 714.28
-510.2 632.65 755.1
-469.39 632.65 795.91
-428.57 632.65 836.73
-387.76 632.65 877.54
-346.94 632.65 918.36
-306.12 632.65 959.18
-265.31 632.65 999.99
-224.49 632.65 1040.81
-183.67 632.65 1081.63
-142.86 632.65 1122.44
-102.04 632.65 1163.26
-61.22 632.65 1204.08
-20.41 632.65 1244.89
20.41 632.65 1285.71
61.22 632.65 1326.52
102.04 632.65 1367.34
142.86 632.65 1408.16
183.67 632.65 1448.97
224.49 632.65 1489.79
265.31 632.65 1530.61
306.12 632.65 1571.42
346.94 632.65 1612.24
387.76 632.65 1653.06
428.57 632.65 1693.87
469.39 632.65 1734.69
510.2 632.65 1775.5
551.02 632.65 1816.32
591.84 632.65 1857.14
632.65 632.65 1897.95
673.47 632.65 1938.77
714.29 632.65 1979.59
755.1 632.65 2020.4
795.92 632.65 2061.22
836.73 632.65 2102.03
877.55 632.65 2142.85
918.37 632.65 2183.67
959.18 632.65 2224.48
1000.0 632.65 2265.3
-1000.0 673.47 346.94
-959.18 673.47 387.76
-918.37 673.47 428.57
-877.55 673.47 469.39
-836.73 673.47 510.21
-795.92 673.47 551.02
-755.1 673.47 591.84
-714.29 673.47 632.65
-673.47 673.47 673.47
-632.65 673.47 714.29
-591.84 673.47 755.1
-551.02 673.47 795.92
-510.2 673.47 836.74
-469.39 673.47 877.55
-428.57 673.47 918.37
-387.76 673.47 959.18
-346.94 673.47 1000.0
-306.12 673.47 1040.82
-265.31 673.47 1081.63
-224.49 673.47 1122.45
-183.67 673.47 1163.27
-142.86 673.47 1204.08
-102.04 673.47 1244.9
-61.22 673.47 1285.72
-20.41 673.47 1326.53
20.41 673.47 1367.35
61.22 673.47 1408.16
102.04 673.47 1448.98
142.86 673.47 1489.8
183.67 673.47 1530.61
224.49 673.47 1571.43
265.31 673.47 1612.25
306.12 673.47 1653.06
346.94 673.47 1693.88
387.76 673.47 1734.7
428.57 673.47 1775.51
469.39 673.47 1816.33
510.2 673.47 1857.14
551.02 673.47 1897.96
591.84 673.47 1938.78
632.65 673.47 1979.59
673.47 673.47 2020.41
714.29 673.47 2061.23
755.1 673.47 2102.04
795.92 673.47 2142.86
836.73 673.47 2183.67
877.55 673.47 2224.49
918.37 673.47 2265.31
959.18 673.47 2306.12
1000.0 673.47 2346.94
-1000.0 714.29 428.58
-959.18 714.29 469.4
-918.37 714.29 510.21
-877.55 714.29 551.03
-836.73 714.29 591.85
-795.92 714.29 632.66
-755.1 714.29 673.48
-714.29 714.29 714.29
-673.47 714.29 755.11
-632.65 714.29 795.93
-591.84 714.29 836.74
-551.02 714.29 877.56
-510.2 714.29 918.38
-469.39 714.29 959.19
-428.57 714.29 1000.01
-387.76 714.29 1040.82
-346.94 714.29 1081.64
-306.12 714.29 1122.46
-265.31 714.29 1163.27
-224.49 714.29 1204.09
-183.67 714.29 1244.91
-142.86 714.29 1285.72
-102.04 714.29 1326.54
-61.22 714.29 1367.36
-20.41 714.29 1408.17
20.41 714.29 1448.99
61.22 714.29 1489.8
102.04 714.29 1530.62
142.86 714.29 1571.44
183.67 714.29 1612.25
224.49 714.29 1653.07
265.31 714.29 1693.89
306.12 714.29 1734.7
346.94 714.29 1775.52
387.76 714.29 1816.34
428.57 714.29 1857.15
469.39 714.29 1897.97
510.2 714.29 1938.78
551.02 714.29 1979.6
591.84 714.29 2020.42
632.65 714.29 2061.23
673.47 714.29 2102.05
714.29 714.29 2142.87
755.1 714.29 2183.68
795.92 714.29 2224.5
836.73 714.29 2265.31
877.55 714.29 2306.13
918.37 714.29 2346.95
959.18 714.29 2387.76
1000.0 714.29 2428.58
-1000.0 755.1 510.2
-959.18 755.1 551.02
-918.37 755.1 591.83
-877.55 755.1 632.65
-836.73 755.1 673.47
-795.92 755.1 714.28
-755.1 755.1 755.1
-714.29 755.1 795.91
-673.47 755.1 836.73
-632.65 755.1 877.55
-591.84 755.1 918.36
-551.02 755.1 959.18
-510.2 755.1 1000.0
-469.39 755.1 1040.81
-428.57 755.1 1081.63
-387.76 755.1 1122.44
-346.94 755.1 1163.26
-306.12 755.1 1204.08
-265.31 755.1 1244.89
-224.49 755.1 1285.71
-183.67 755.1 1326.53
-142.86 755.1 1367.34
-102.04 755.1 1408.16
-61.22 755.1 1448.98
-20.41 755.1 1489.79
20.41 755.1 1530.61
61.22 755.1 1571.42
102.04 755.1 1612.24
142.86 755.1 1653.06
183.67 755.1 1693.87
224.49 755.1 1734.69
265.31 755.1 1775.51
306.12 755.1 1816.32
346.94 755.1 1857.14
387.76 755.1 1897.96
428.57 755.1 1938.77
469.39 755.1 1979.59
510.2 755.1 2020.4
551.02 755.1 2061.22
591.84 755.1 2102.04
632.65 755.1 2142.85
673.47 755.1 2183.67
714.29 755.1 2224.49
755.1 755.1 2265.3
795.92 755.1 2306.12
836.73 755.1 2346.93
877.55 755.1 2387.75
918.37 755.1 2428.57
959.18 755.1 2469.38
1000.0 755.1 2510.2
-1000.0 795.92 591.84
-959.18 795.92 632.66
-918.37 795.92 673.47
-877.55 795.92 714.29
-836.73 795.92 755.11
-795.92 795.92 795.92
-755.1 795.92 836.74
-714.29 795.92 877.55
-673.47 795.92 918.37
-632.65 795.92 959.19
-591.84 795.92 1000.0
-551.02 795.92 1040.82
-510.2 795.92 1081.64
-469.39 795.92 1122.45
-428.57 795.92 1163.27
-387.76 795.92 1204.08
-346.94 795.92 1244.9
-306.12 795.92 1285.72
-265.31 795.92 1326.53
-224.49 795.92 1367.35
-183.67 795.92 1408.17
-142.86 795.92 1448.98
-102.04 795.92 1489.8
-61.22 795.92 1530.62
-20.41 795.92 1571.43
20.41 795.92 1612.25
61.22 795.92 1653.06
102.04 795.92 1693.88
142.86 795.92 1734.7
183.67 795.92 1775.51
224.49 795.92 1816.33
265.31 795.92 1857.15
306.12 795.92 1897.96
346.94 795.92 1938.78
387.76 795.92 1979.6
428.57 795.92 2020.41
469.39 795.92 2061.23
510.2 795.92 2102.04
551.02 795.92 2142.86
591.84 795.92 2183.68
632.65 795.92 2224.49
673.47 795.92 2265.31
714.29 795.92 2306.13
755.1 795.92 2346.94
795.92 795.92 2387.76
836.73 795.92 2428.57
877.55 795.92 2469.39
918.37 795.92 2510.21
959.18 795.92 2551.02
1000.0 795.92 2591.84
-1000.0 836.73 673.46
-959.18 836.73 714.28
-918.37 836.73 755.09
-877.55 836.73 795.91
-836.73 836.73 836.73
-795.92 836.73 877.54
-755.1 836.73 918.36
-714.29 836.73 959.17
-673.47 836.73 999.99
-632.65 836.73 1040.81
-591.84 836.73 1081.62
-551.02 836.73 1122.44
-510.2 836.73 1163.26
-469.39 836.73 1204.07
-428.57 836.73 1244.89
-387.76 836.73 1285.7
-346.94 836.73 1326.52
-306.12 836.73 1367.34
-265.31 836.73 1408.15
-224.49 836.73 1448.97
-183.67 836.73 1489.79
-142.86 836.73 1530.6
-102.04 836.73 1571.42
-61.22 836.73 1612.24
-20.41 836.73 1653.05
20.41 836.73 1693.87
61.22 836.73 1734.68
102.04 836.73 1775.5
142.86 836.73 1816.32
183.67 836.73 1857.13
224.49 836.73 1897.95
265.31 836.73 1938.77
306.12 836.73 1979.58
346.94 836.73 2020.4
387.76 836.73 2061.22
428.57 836.73 2102.03
469.39 836.73 2142.85
510.2 836.73 2183.66
551.02 836.73 2224.48
591.84 836.73 2265.3
632.65 836.73 2306.11
673.47 836.73 2346.93
714.29 836.73 2387.75
755.1 836.73 2428.56
795.92 836.73 2469.38
836.73 836.73 2510.19
877.55 836.73 2551.01
918.37 836.73 2591.83
959.18 836.73 2632.64
1000.0 836.73 2673.46
-1000.0 877.55 755.1
-959.18 877.55 795.92
-918.37 877.55 836.73
-877.55 877.55 877.55
-836.73 877.55 918.37
-795.92 877.55 959.18
-755.1 877.55 1000.0
-714.29 877.55 1040.81
-673.47 877.55 1081.63
-632.65 877.55 1122.45
-591.84 877.55 1163.26
-551.02 877.55 1204.08
-510.2 877.55 1244.9
-469.39 877.55 1285.71
-428.57 877.55 1326.53
-387.76 877.55 1367.34
-346.94 877.55 1408.16
-306.12 877.55 1448.98
-265.31 877.55 1489.79
-224.49 877.55 1530.61
-183.67 877.55 1571.43
-142.86 877.55 1612.24
-102.04 877.55 1653.06
-61.22 877.55 1693.88
-20.41 877.55 1734.69
20.41 877.55 1775.51
61.22 877.55 1816.32
102.04 877.55 1857.14
142.86 877.55 1897.96
183.67 877.55 1938.77
224.49 877.55 1979.59
265.31 877.55 2020.41
306.12 877.55 2061.22
346.94 877.55 2102.04
387.76 877.55 2142.86
428.57 877.55 2183.67
469.39 877.55 2224.49
510.2 877.55 2265.3
551.02 877.55 2306.12
591.84 877.55 2346.94
632.65 877.55 2387.75
673.47 877.55 2428.57
714.29 877.55 2469.39
755.1 877.55 2510.2
795.92 877.55 2551.02
836.73 877.55 2591.83
877.55 877.55 2632.65
918.37 877.55 2673.47
959.18 877.55 2714.28
1000.0 877.55 2755.1
-1000.0 918.37 836.74
-959.18 918.37 877.56
-918.37 918.37 918.37
-877.55 918.37 959.19
-836.73 918.37 1000.01
-795.92 918.37 1040.82
-755.1 918.37 1081.64
-714.29 918.37 1122.45
-673.47 918.37 1163.27
-632.65 918.37 1204.09
-591.84 918.37 1244.9
-551.02 918.37 1285.72
-510.2 918.37 1326.54
-469.39 918.37 1367.35
-428.57 918.37 1408.17
-387.76 918.37 1448.98
-346.94 918.37 1489.8
-306.12 918.37 1530.62
-265.31 918.37 1571.43
-224.49 918.37 1612.25
-183.67 918.37 1653.07
-142.86 918.37 1693.88
-102.04 918.37 1734.7
-61.22 918.37 1775.52
-20.41 918.37 1816.33
20.41 918.37 1857.15
61.22 918.37 1897.96
102.04 918.37 1938.78
142.86 918.37 1979.6
183.67 918.37 2020.41
224.49 918.37 2061.23
265.31 918.37 2102.05
306.12 918.37 2142.86
346.94 918.37 2183.68
387.76 918.37 2224.5
428.57 918.37 2265.31
469.39 918.37 2306.13
510.2 918.37 2346.94
551.02 918.37 2387.76
591.84 918.37 2428.58
632.65 918.37 2469.39
673.47 918.37 2510.21
714.29 918.37 2551.03
755.1 918.37 2591.84
795.92 918.37 2632.66
836.73 918.37 2673.47
877.55 918.37 2714.29
918.37 918.37 2755.11
959.18 918.37 2795.92
1000.0 918.37 2836.74
-1000.0 959.18 918.36
-959.18 959.18 959.18
-918.37 959.18 999.99
-877.55 959.18 1040.81
-836.73 959.18 1081.63
-795.92 959.18 1122.44
-755.1 959.18 1163.26
-714.29 959.18 1204.07
-673.47 959.18 1244.89
-632.65 959.18 1285.71
-591.84 959.18 1326.52
-551.02 959.18 1367.34
-510.2 959.18 1408.16
-469.39 959.18 1448.97
-428.57 959.18 1489.79
-387.76 959.18 1530.6
-346.94 959.18 1571.42
-306.12 959.18 1612.24
-265.31 959.18 1653.05
-224.49 959.18 1693.87
-183.67 959.18 1734.69
-142.86 959.18 1775.5
-102.04 959.18 1816.32
-61.22 959.18 1857.14
-20.41 959.18 1897.95
20.41 959.18 1938.77
61.22 959.18 1979.58
102.04 959.18 2020.4
142.86 959.18 2061.22
183.67 959.18 2102.03
224.49 959.18 2142.85
265.31 959.18 2183.67
306.12 959.18 2224.48
346.94 959.18 2265.3
387.76 959.18 2306.12
428.57 959.18 2346.93
469.39 959.18 2387.75
510.2 959.18 2428.56
551.02 959.18 2469.38
591.84 959.18 2510.2
632.65 959.18 2551.01
673.47 959.18 2591.83
714.29 959.18 2632.65
755.1 959.18 2673.46
795.92 959.18 2714.28
836.73 959.18 2755.09
877.55 959.18 2795.91
918.37 959.18 2836.73
959.18 959.18 2877.54
1000.0 959.18 2918.36
-1000.0 1000.0 1000.0
-959.18 1000.0 1040.82
-918.37 1000.0 1081.63
-877.55 1000.0 1122.45
-836.73 1000.0 1163.27
-795.92 1000.0 1204.08
-755.1 1000.0 1244.9
-714.29 1000.0 1285.71
-673.47 1000.0 1326.53
-632.65 1000.0 1367.35
-591.84 1000.0 1408.16
-551.02 1000.0 1448.98
-510.2 1000.0 1489.8
-469.39 1000.0 1530.61
-428.57 1000.0 1571.43
-387.76 1000.0 1612.24
-346.94 1000.0 1653.06
-306.12 1000.0 1693.88
-265.31 1000.0 1734.69
-224.49 1000.0 1775.51
-183.67 1000.0 1816.33
-142.86 1000.0 1857.14
-102.04 1000.0 1897.96
-61.22 1000.0 1938.78
-20.41 1000.0 1979.59
20.41 1000.0 2020.41
61.22 1000.0 2061.22
102.04 1000.0 2102.04
142.86 1000.0 2142.86
183.67 1000.0 2183.67
224.49 1000.0 2224.49
265.31 1000.0 2265.31
306.12 1000.0 2306.12
346.94 1000.0 2346.94
387.76 1000.0 2387.76
428.57 1000.0 2428.57
469.39 1000.0 2469.39
510.2 1000.0 2510.2
551.02 1000.0 2551.02
591.84 1000.0 2591.84
632.65 1000.0 2632.65
673.47 1000.0 2673.47
714.29 1000.0 2714.29
755.1 1000.0 2755.1
795.92 1000.0 2795.92
836.73 1000.0 2836.73
877.55 1000.0 2877.55
918.37 1000.0 2918.37
959.18 1000.0 2959.18
1000.0 1000.0 3000.0
