2 100 -5 17 2500
-1000.0 -1000.0 4007001.0
-959.18 -1000.0 3804567.27
-918.37 -1000.0 3605514.46
-877.55 -1000.0 3409745.0
-836.73 -1000.0 3217308.09
-795.92 -1000.0 3028249.65
-755.1 -1000.0 2842477.01
-714.29 -1000.0 2660081.2
-673.47 -1000.0 2480972.84
-632.65 -1000.0 2305197.02
-591.84 -1000.0 2132795.59
-551.02 -1000.0 1963684.04
-510.2 -1000.0 1797905.04
-469.39 -1000.0 1635497.97
-428.57 -1000.0 1476383.24
-387.76 -1000.0 1320638.82
-346.94 -1000.0 1168188.36
-306.12 -1000.0 1019070.45
-265.31 -1000.0 873320.4
-224.49 -1000.0 730866.76
-183.67 -1000.0 591745.67
-142.86 -1000.0 455989.98
-102.04 -1000.0 323533.16
-61.22 -1000.0 194408.89
-20.41 -1000.0 68647.57
20.41 -1000.0 -53812.43
61.22 -1000.0 -172911.11
102.04 -1000.0 -288706.84
142.86 -1000.0 -401170.02
183.67 -1000.0 -510274.33
224.49 -1000.0 -616073.24
265.31 -1000.0 -718539.6
306.12 -1000.0 -817649.55
346.94 -1000.0 -913451.64
387.76 -1000.0 -1005921.18
428.57 -1000.0 -1095036.76
469.39 -1000.0 -1180842.03
510.2 -1000.0 -1263294.96
551.02 -1000.0 -1342435.96
591.84 -1000.0 -1418244.41
632.65 -1000.0 -1490702.98
673.47 -1000.0 -1559847.16
714.29 -1000.0 -1625658.8
755.1 -1000.0 -1688122.99
795.92 -1000.0 -1747270.35
836.73 -1000.0 -1803071.91
877.55 -1000.0 -1855555.0
918.37 -1000.0 -1904705.54
959.18 -1000.0 -1950512.73
1000.0 -1000.0 -1992999.0
-1000.0 -959.18 3884255.26
-959.18 -959.18 3686820.35
-918.37 -959.18 3492765.13
-877.55 -959.18 3301994.49
-836.73 -959.18 3114556.4
-795.92 -959.18 2930495.54
-755.1 -959.18 2749721.72
-714.29 -959.18 2572323.51
-673.47 -959.18 2398213.96
-632.65 -959.18 2227436.96
-591.84 -959.18 2060033.12
-551.02 -959.18 1895920.39
-510.2 -959.18 1735140.21
-469.39 -959.18 1577730.73
-428.57 -959.18 1423614.82
-387.76 -959.18 1272867.99
-346.94 -959.18 1125416.35
-306.12 -959.18 981297.26
-265.31 -959.18 840544.79
-224.49 -959.18 703089.97
-183.67 -959.18 568967.7
-142.86 -959.18 438209.6
-102.04 -959.18 310751.6
-61.22 -959.18 186626.15
-20.41 -959.18 65862.42
20.41 -959.18 -51598.76
61.22 -959.18 -165699.85
102.04 -959.18 -276496.76
142.86 -959.18 -383961.12
183.67 -959.18 -488067.84
224.49 -959.18 -588867.93
265.31 -959.18 -686335.48
306.12 -959.18 -780447.83
346.94 -959.18 -871251.1
387.76 -959.18 -958721.83
428.57 -959.18 -1042839.81
469.39 -959.18 -1123646.27
510.2 -959.18 -1201101.61
551.02 -959.18 -1275243.79
591.84 -959.18 -1346053.43
632.65 -959.18 -1413514.4
673.47 -959.18 -1477659.76
714.29 -959.18 -1538472.58
755.1 -959.18 -1595939.18
795.92 -959.18 -1650087.73
836.73 -959.18 -1700891.69
877.55 -959.18 -1748375.96
918.37 -959.18 -1792527.69
959.18 -959.18 -1833337.28
1000.0 -959.18 -1870824.74
-1000.0 -918.37 3761539.59
-959.18 -918.37 3569102.27
-918.37 -918.37 3380043.42
-877.55 -918.37 3194270.37
-836.73 -918.37 3011829.87
-795.92 -918.37 2832765.39
-755.1 -918.37 2656989.16
-714.29 -918.37 2484587.32
-673.47 -918.37 2315475.36
-632.65 -918.37 2149695.95
-591.84 -918.37 1987288.48
-551.02 -918.37 1828173.34
-510.2 -918.37 1672390.75
-469.39 -918.37 1519977.64
-428.57 -918.37 1370859.33
-387.76 -918.37 1225108.86
-346.94 -918.37 1082654.82
-306.12 -918.37 943533.32
-265.31 -918.37 807777.22
-224.49 -918.37 675319.99
-183.67 -918.37 546195.31
-142.86 -918.37 420433.58
-102.04 -918.37 297973.18
-61.22 -918.37 178845.31
-20.41 -918.37 63077.95
20.41 -918.37 -49385.64
61.22 -918.37 -158490.36
102.04 -918.37 -264289.67
142.86 -918.37 -366756.44
183.67 -918.37 -465866.79
224.49 -918.37 -561669.29
265.31 -918.37 -654139.25
306.12 -918.37 -743255.23
346.94 -918.37 -829060.91
387.76 -918.37 -911534.05
428.57 -918.37 -990655.66
469.39 -918.37 -1066464.52
510.2 -918.37 -1138923.49
551.02 -918.37 -1208068.08
591.84 -918.37 -1273880.13
632.65 -918.37 -1336344.73
673.47 -918.37 -1395492.5
714.29 -918.37 -1451307.73
755.1 -918.37 -1503777.96
795.92 -918.37 -1552928.91
836.73 -918.37 -1598736.51
877.55 -918.37 -1641223.19
918.37 -918.37 -1680377.32
959.18 -918.37 -1716190.55
1000.0 -918.37 -1748680.41
-1000.0 -877.55 3638793.85
-959.18 -877.55 3451355.35
-918.37 -877.55 3267294.09
-877.55 -877.55 3086519.86
-836.73 -877.55 2909078.18
-795.92 -877.55 2735011.28
-755.1 -877.55 2564233.88
-714.29 -877.55 2396829.62
-673.47 -877.55 2232716.49
-632.65 -877.55 2071935.89
-591.84 -877.55 1914526.01
-551.02 -877.55 1760409.69
-510.2 -877.55 1609625.92
-469.39 -877.55 1462210.41
-428.57 -877.55 1318090.91
-387.76 -877.55 1177338.03
-346.94 -877.55 1039882.8
-306.12 -877.55 905760.12
-265.31 -877.55 775001.62
-224.49 -877.55 647543.21
-183.67 -877.55 523417.34
-142.86 -877.55 402653.21
-102.04 -877.55 285191.62
-61.22 -877.55 171062.57
-20.41 -877.55 60292.8
20.41 -877.55 -47171.97
61.22 -877.55 -151279.09
102.04 -877.55 -252079.59
142.86 -877.55 -349547.55
183.67 -877.55 -443660.31
224.49 -877.55 -534463.99
265.31 -877.55 -621935.13
306.12 -877.55 -706053.51
346.94 -877.55 -786860.38
387.76 -877.55 -864334.7
428.57 -877.55 -938458.72
469.39 -877.55 -1009268.76
510.2 -877.55 -1076730.14
551.02 -877.55 -1140875.91
591.84 -877.55 -1201689.14
632.65 -877.55 -1259156.15
673.47 -877.55 -1313305.1
714.29 -877.55 -1364121.51
755.1 -877.55 -1411594.16
795.92 -877.55 -1455746.29
836.73 -877.55 -1496556.29
877.55 -877.55 -1534044.15
918.37 -877.55 -1568199.47
959.18 -877.55 -1599015.1
1000.0 -877.55 -1626506.15
-1000.0 -836.73 3516048.11
-959.18 -836.73 3333608.43
-918.37 -836.73 3154544.76
-877.55 -836.73 2978769.35
-836.73 -836.73 2806326.48
-795.92 -836.73 2637257.18
-755.1 -836.73 2471478.59
-714.29 -836.73 2309071.93
-673.47 -836.73 2149957.61
-632.65 -836.73 1994175.84
-591.84 -836.73 1841763.55
-551.02 -836.73 1692646.04
-510.2 -836.73 1546861.09
-469.39 -836.73 1404443.17
-428.57 -836.73 1265322.48
-387.76 -836.73 1129567.2
-346.94 -836.73 997110.79
-306.12 -836.73 867986.93
-265.31 -836.73 742226.02
-224.49 -836.73 619766.42
-183.67 -836.73 500639.38
-142.86 -836.73 384872.83
-102.04 -836.73 272410.06
-61.22 -836.73 163279.83
-20.41 -836.73 57507.66
20.41 -836.73 -44958.3
61.22 -836.73 -144067.83
102.04 -836.73 -239869.52
142.86 -836.73 -332338.65
183.67 -836.73 -421453.82
224.49 -836.73 -507258.68
265.31 -836.73 -589731.0
306.12 -836.73 -668851.8
346.94 -836.73 -744659.84
387.76 -836.73 -817135.35
428.57 -836.73 -886261.77
469.39 -836.73 -952073.0
510.2 -836.73 -1014536.79
551.02 -836.73 -1073683.74
591.84 -836.73 -1129498.15
632.65 -836.73 -1181967.57
673.47 -836.73 -1231117.71
714.29 -836.73 -1276935.3
755.1 -836.73 -1319410.35
795.92 -836.73 -1358563.67
836.73 -836.73 -1394376.08
877.55 -836.73 -1426865.12
918.37 -836.73 -1456021.62
959.18 -836.73 -1481839.66
1000.0 -836.73 -1504331.89
-1000.0 -795.92 3393332.44
-959.18 -795.92 3215890.35
-918.37 -795.92 3041823.05
-877.55 -795.92 2871045.23
-836.73 -795.92 2703599.96
-795.92 -795.92 2539527.03
-755.1 -795.92 2378746.03
-714.29 -795.92 2221335.73
-673.47 -795.92 2067219.01
-632.65 -795.92 1916434.83
-591.84 -795.92 1769018.9
-551.02 -795.92 1624899.0
-510.2 -795.92 1484111.63
-469.39 -795.92 1346690.08
-428.57 -795.92 1212566.99
-387.76 -795.92 1081808.08
-346.94 -795.92 954349.26
-306.12 -795.92 830222.99
-265.31 -795.92 709458.44
-224.49 -795.92 591996.44
-183.67 -795.92 477866.99
-142.86 -795.92 367096.81
-102.04 -795.92 259631.63
-61.22 -795.92 155499.0
-20.41 -795.92 54723.19
20.41 -795.92 -42745.17
61.22 -795.92 -136858.34
102.04 -795.92 -227662.43
142.86 -795.92 -315133.97
183.67 -795.92 -399252.77
224.49 -795.92 -480060.04
265.31 -795.92 -557534.77
306.12 -795.92 -631659.2
346.94 -795.92 -702469.65
387.76 -795.92 -769947.56
428.57 -795.92 -834077.62
469.39 -795.92 -894891.25
510.2 -795.92 -952358.67
551.02 -795.92 -1006508.03
591.84 -795.92 -1057324.85
632.65 -795.92 -1104797.9
673.47 -795.92 -1148950.45
714.29 -795.92 -1189770.45
755.1 -795.92 -1227249.13
795.92 -795.92 -1261404.85
836.73 -795.92 -1292220.89
877.55 -795.92 -1319712.35
918.37 -795.92 -1343871.25
959.18 -795.92 -1364692.92
1000.0 -795.92 -1382187.56
-1000.0 -755.1 3270586.7
-959.18 -755.1 3098143.43
-918.37 -755.1 2929073.72
-877.55 -755.1 2763294.72
-836.73 -755.1 2600848.26
-795.92 -755.1 2441772.92
-755.1 -755.1 2285990.74
-714.29 -755.1 2133578.04
-673.47 -755.1 1984460.13
-632.65 -755.1 1838674.77
-591.84 -755.1 1696256.44
-551.02 -755.1 1557135.35
-510.2 -755.1 1421346.8
-469.39 -755.1 1288922.84
-428.57 -755.1 1159798.57
-387.76 -755.1 1034037.25
-346.94 -755.1 911577.25
-306.12 -755.1 792449.79
-265.31 -755.1 676682.84
-224.49 -755.1 564219.66
-183.67 -755.1 455089.02
-142.86 -755.1 349316.44
-102.04 -755.1 246850.07
-61.22 -755.1 147716.25
-20.41 -755.1 51938.04
20.41 -755.1 -40531.5
61.22 -755.1 -129647.08
102.04 -755.1 -215452.35
142.86 -755.1 -297925.08
183.67 -755.1 -377046.28
224.49 -755.1 -452854.74
265.31 -755.1 -525330.65
306.12 -755.1 -594457.48
346.94 -755.1 -660269.12
387.76 -755.1 -722748.21
428.57 -755.1 -781880.68
469.39 -755.1 -837695.49
510.2 -755.1 -890165.32
551.02 -755.1 -939315.87
591.84 -755.1 -985133.87
632.65 -755.1 -1027609.32
673.47 -755.1 -1066763.05
714.29 -755.1 -1102584.23
755.1 -755.1 -1135065.32
795.92 -755.1 -1164222.23
836.73 -755.1 -1190040.68
877.55 -755.1 -1212533.31
918.37 -755.1 -1231693.4
959.18 -755.1 -1247517.48
1000.0 -755.1 -1260013.3
-1000.0 -714.29 3147871.03
-959.18 -714.29 2980425.35
-918.37 -714.29 2816352.01
-877.55 -714.29 2655570.6
-836.73 -714.29 2498121.74
-795.92 -714.29 2344042.77
-755.1 -714.29 2193258.18
-714.29 -714.29 2045841.85
-673.47 -714.29 1901721.53
-632.65 -714.29 1760933.76
-591.84 -714.29 1623511.8
-551.02 -714.29 1489388.3
-510.2 -714.29 1358597.34
-469.39 -714.29 1231169.75
-428.57 -714.29 1107043.07
-387.76 -714.29 986278.12
-346.94 -714.29 868815.71
-306.12 -714.29 754685.85
-265.31 -714.29 643915.27
-224.49 -714.29 536449.68
-183.67 -714.29 432316.63
-142.86 -714.29 331540.42
-102.04 -714.29 234071.65
-61.22 -714.29 139935.42
-20.41 -714.29 49153.57
20.41 -714.29 -38318.38
61.22 -714.29 -122437.58
102.04 -714.29 -203245.26
142.86 -714.29 -280720.4
183.67 -714.29 -354845.23
224.49 -714.29 -425656.1
265.31 -714.29 -493134.41
306.12 -714.29 -557264.88
346.94 -714.29 -618078.92
387.76 -714.29 -675560.42
428.57 -714.29 -729696.52
469.39 -714.29 -780513.75
510.2 -714.29 -827987.2
551.02 -714.29 -872140.16
591.84 -714.29 -912960.57
632.65 -714.29 -950439.65
673.47 -714.29 -984595.79
714.29 -714.29 -1015419.38
755.1 -714.29 -1042904.1
795.92 -714.29 -1067063.41
836.73 -714.29 -1087885.49
877.55 -714.29 -1105380.54
918.37 -714.29 -1119543.03
959.18 -714.29 -1130370.74
1000.0 -714.29 -1137868.97
-1000.0 -673.47 3025125.29
-959.18 -673.47 2862678.43
-918.37 -673.47 2703602.68
-877.55 -673.47 2547820.09
-836.73 -673.47 2395370.04
-795.92 -673.47 2246288.66
-755.1 -673.47 2100502.89
-714.29 -673.47 1958084.15
-673.47 -673.47 1818962.65
-632.65 -673.47 1683173.7
-591.84 -673.47 1550749.33
-551.02 -673.47 1421624.65
-510.2 -673.47 1295832.51
-469.39 -673.47 1173402.51
-428.57 -673.47 1054274.65
-387.76 -673.47 938507.29
-346.94 -673.47 826043.7
-306.12 -673.47 716912.65
-265.31 -673.47 611139.66
-224.49 -673.47 508672.89
-183.67 -673.47 409538.66
-142.86 -673.47 313760.04
-102.04 -673.47 221290.09
-61.22 -673.47 132152.68
-20.41 -673.47 46368.43
20.41 -673.47 -36104.71
61.22 -673.47 -115226.32
102.04 -673.47 -191035.18
142.86 -673.47 -263511.5
183.67 -673.47 -332638.75
224.49 -673.47 -398450.79
265.31 -673.47 -460930.29
306.12 -673.47 -520063.16
346.94 -673.47 -575878.39
387.76 -673.47 -628361.07
428.57 -673.47 -677499.58
469.39 -673.47 -723317.99
510.2 -673.47 -765793.85
551.02 -673.47 -804947.99
591.84 -673.47 -840769.58
632.65 -673.47 -873251.07
673.47 -673.47 -902408.39
714.29 -673.47 -928233.16
755.1 -673.47 -950720.29
795.92 -673.47 -969880.79
836.73 -673.47 -985705.28
877.55 -673.47 -998201.5
918.37 -673.47 -1007365.18
959.18 -673.47 -1013195.3
1000.0 -673.47 -1015694.71
-1000.0 -632.65 2902379.55
-959.18 -632.65 2744931.5
-918.37 -632.65 2590853.35
-877.55 -632.65 2440069.57
-836.73 -632.65 2292618.35
-795.92 -632.65 2148534.56
-755.1 -632.65 2007747.61
-714.29 -632.65 1870326.46
-673.47 -632.65 1736203.78
-632.65 -632.65 1605413.64
-591.84 -632.65 1477986.86
-551.02 -632.65 1353861.0
-510.2 -632.65 1233067.68
-469.39 -632.65 1115635.27
-428.57 -632.65 1001506.23
-387.76 -632.65 890736.46
-346.94 -632.65 783271.69
-306.12 -632.65 679139.46
-265.31 -632.65 578364.06
-224.49 -632.65 480896.11
-183.67 -632.65 386760.7
-142.86 -632.65 295979.67
-102.04 -632.65 208508.53
-61.22 -632.65 124369.94
-20.41 -632.65 43583.28
20.41 -632.65 -33891.04
61.22 -632.65 -108015.06
102.04 -632.65 -178825.11
142.86 -632.65 -246302.61
183.67 -632.65 -310432.26
224.49 -632.65 -371245.49
265.31 -632.65 -428726.17
306.12 -632.65 -482861.45
346.94 -632.65 -533677.86
387.76 -632.65 -581161.72
428.57 -632.65 -625302.64
469.39 -632.65 -666122.23
510.2 -632.65 -703600.5
551.02 -632.65 -737755.82
591.84 -632.65 -768578.59
632.65 -632.65 -796062.49
673.47 -632.65 -820221.0
714.29 -632.65 -841046.95
755.1 -632.65 -858536.49
795.92 -632.65 -872698.17
836.73 -632.65 -883525.06
877.55 -632.65 -891022.47
918.37 -632.65 -895187.33
959.18 -632.65 -896019.86
1000.0 -632.65 -893520.45
-1000.0 -591.84 2779663.88
-959.18 -591.84 2627213.43
-918.37 -591.84 2478131.64
-877.55 -591.84 2332345.46
-836.73 -591.84 2189891.82
-795.92 -591.84 2050804.4
-755.1 -591.84 1915015.04
-714.29 -591.84 1782590.26
-673.47 -591.84 1653465.18
-632.65 -591.84 1527672.63
-591.84 -591.84 1405242.22
-551.02 -591.84 1286113.95
-510.2 -591.84 1170318.22
-469.39 -591.84 1057882.18
-428.57 -591.84 948750.73
-387.76 -591.84 842977.33
-346.94 -591.84 740510.15
-306.12 -591.84 641375.52
-265.31 -591.84 545596.49
-224.49 -591.84 453126.12
-183.67 -591.84 363988.31
-142.86 -591.84 278203.65
-102.04 -591.84 195730.1
-61.22 -591.84 116589.1
-20.41 -591.84 40798.81
20.41 -591.84 -31677.92
61.22 -591.84 -100805.57
102.04 -591.84 -166618.02
142.86 -591.84 -229097.93
183.67 -591.84 -288231.21
224.49 -591.84 -344046.84
265.31 -591.84 -396529.94
306.12 -591.84 -445668.85
346.94 -591.84 -491487.67
387.76 -591.84 -533973.94
428.57 -591.84 -573118.48
469.39 -591.84 -608940.48
510.2 -591.84 -641422.38
551.02 -591.84 -670580.11
591.84 -591.84 -696405.29
632.65 -591.84 -718892.83
673.47 -591.84 -738053.73
714.29 -591.84 -753882.1
755.1 -591.84 -766375.26
795.92 -591.84 -775539.35
836.73 -591.84 -781369.88
877.55 -591.84 -783869.69
918.37 -591.84 -783036.97
959.18 -591.84 -778873.12
1000.0 -591.84 -771376.12
-1000.0 -551.02 2656918.14
-959.18 -551.02 2509466.5
-918.37 -551.02 2365382.31
-877.55 -551.02 2224594.95
-836.73 -551.02 2087140.13
-795.92 -551.02 1953050.3
-755.1 -551.02 1822259.76
-714.29 -551.02 1694832.57
-673.47 -551.02 1570706.3
-632.65 -551.02 1449912.57
-591.84 -551.02 1332479.76
-551.02 -551.02 1218350.3
-510.2 -551.02 1107553.39
-469.39 -551.02 1000114.95
-428.57 -551.02 895982.31
-387.76 -551.02 795206.5
-346.94 -551.02 697738.14
-306.12 -551.02 603602.32
-265.31 -551.02 512820.88
-224.49 -551.02 425349.34
-183.67 -551.02 341210.34
-142.86 -551.02 260423.27
-102.04 -551.02 182948.54
-61.22 -551.02 108806.36
-20.41 -551.02 38013.66
20.41 -551.02 -29464.25
61.22 -551.02 -93594.3
102.04 -551.02 -154407.94
142.86 -551.02 -211889.03
183.67 -551.02 -266024.72
224.49 -551.02 -316841.54
265.31 -551.02 -364325.81
306.12 -551.02 -408467.13
346.94 -551.02 -449287.13
387.76 -551.02 -486774.59
428.57 -551.02 -520921.54
469.39 -551.02 -551744.72
510.2 -551.02 -579229.03
551.02 -551.02 -603387.94
591.84 -551.02 -624214.3
632.65 -551.02 -641704.25
673.47 -551.02 -655866.34
714.29 -551.02 -666695.88
755.1 -551.02 -674191.46
795.92 -551.02 -678356.73
836.73 -551.02 -679189.66
877.55 -551.02 -676690.66
918.37 -551.02 -670859.12
959.18 -551.02 -661697.68
1000.0 -551.02 -649201.86
-1000.0 -510.2 2534172.4
-959.18 -510.2 2391719.58
-918.37 -510.2 2252632.98
-877.55 -510.2 2116844.43
-836.73 -510.2 1984388.43
-795.92 -510.2 1855296.2
-755.1 -510.2 1729504.47
-714.29 -510.2 1607074.88
-673.47 -510.2 1487947.42
-632.65 -510.2 1372152.51
-591.84 -510.2 1259717.29
-551.02 -510.2 1150586.65
-510.2 -510.2 1044788.56
-469.39 -510.2 942347.71
-428.57 -510.2 843213.89
-387.76 -510.2 747435.67
-346.94 -510.2 654966.13
-306.12 -510.2 565829.13
-265.31 -510.2 480045.28
-224.49 -510.2 397572.55
-183.67 -510.2 318432.37
-142.86 -510.2 242642.9
-102.04 -510.2 170166.99
-61.22 -510.2 101023.62
-20.41 -510.2 35228.51
20.41 -510.2 -27250.58
61.22 -510.2 -86383.04
102.04 -510.2 -142197.86
142.86 -510.2 -194680.14
183.67 -510.2 -243818.23
224.49 -510.2 -289636.23
265.31 -510.2 -332121.69
306.12 -510.2 -371265.42
346.94 -510.2 -407086.6
387.76 -510.2 -439575.24
428.57 -510.2 -468724.6
469.39 -510.2 -494548.96
510.2 -510.2 -517035.68
551.02 -510.2 -536195.77
591.84 -510.2 -552023.32
632.65 -510.2 -564515.67
673.47 -510.2 -573678.94
714.29 -510.2 -579509.67
755.1 -510.2 -582007.65
795.92 -510.2 -581174.11
836.73 -510.2 -577009.45
877.55 -510.2 -569511.63
918.37 -510.2 -558681.27
959.18 -510.2 -544522.24
1000.0 -510.2 -527027.6
-1000.0 -469.39 2411456.73
-959.18 -469.39 2274001.5
-918.37 -469.39 2139911.27
-877.55 -469.39 2009120.32
-836.73 -469.39 1881661.91
-795.92 -469.39 1757566.04
-755.1 -469.39 1636771.91
-714.29 -469.39 1519338.68
-673.47 -469.39 1405208.82
-632.65 -469.39 1294411.5
-591.84 -469.39 1186972.65
-551.02 -469.39 1082839.6
-510.2 -469.39 982039.1
-469.39 -469.39 884594.62
-428.57 -469.39 790458.39
-387.76 -469.39 699676.55
-346.94 -469.39 612204.59
-306.12 -469.39 528065.18
-265.31 -469.39 447277.71
-224.49 -469.39 369802.57
-183.67 -469.39 295659.98
-142.86 -469.39 224866.88
-102.04 -469.39 157388.56
-61.22 -469.39 93242.79
-20.41 -469.39 32444.05
20.41 -469.39 -25037.45
61.22 -469.39 -79173.55
102.04 -469.39 -129990.78
142.86 -469.39 -177475.46
183.67 -469.39 -221617.18
224.49 -469.39 -262437.59
265.31 -469.39 -299925.46
306.12 -469.39 -334072.82
346.94 -469.39 -364896.41
387.76 -469.39 -392387.45
428.57 -469.39 -416540.44
469.39 -469.39 -437367.21
510.2 -469.39 -454857.56
551.02 -469.39 -469020.06
591.84 -469.39 -479850.02
632.65 -469.39 -487346.0
673.47 -469.39 -491511.68
714.29 -469.39 -492344.82
755.1 -469.39 -489846.43
795.92 -469.39 -484015.29
836.73 -469.39 -474854.26
877.55 -469.39 -462358.85
918.37 -469.39 -446530.9
959.18 -469.39 -427375.5
1000.0 -469.39 -404883.27
-1000.0 -428.57 2288710.99
-959.18 -428.57 2156254.58
-918.37 -428.57 2027161.94
-877.55 -428.57 1901369.8
-836.73 -428.57 1778910.21
-795.92 -428.57 1659811.94
-755.1 -428.57 1544016.62
-714.29 -428.57 1431580.99
-673.47 -428.57 1322449.94
-632.65 -428.57 1216651.44
-591.84 -428.57 1114210.18
-551.02 -428.57 1015075.95
-510.2 -428.57 919274.27
-469.39 -428.57 826827.38
-428.57 -428.57 737689.97
-387.76 -428.57 651905.72
-346.94 -428.57 569432.58
-306.12 -428.57 490291.99
-265.31 -428.57 414502.11
-224.49 -428.57 342025.79
-183.67 -428.57 272882.01
-142.86 -428.57 207086.5
-102.04 -428.57 144607.0
-61.22 -428.57 85460.04
-20.41 -428.57 29658.9
20.41 -428.57 -22823.78
61.22 -428.57 -71962.29
102.04 -428.57 -117780.7
142.86 -428.57 -160266.56
183.67 -428.57 -199410.7
224.49 -428.57 -235232.29
265.31 -428.57 -267721.33
306.12 -428.57 -296871.1
346.94 -428.57 -322695.87
387.76 -428.57 -345188.1
428.57 -428.57 -364343.5
469.39 -428.57 -380171.45
510.2 -428.57 -392664.21
551.02 -428.57 -401827.89
591.84 -428.57 -407659.03
632.65 -428.57 -410157.42
673.47 -428.57 -409324.28
714.29 -428.57 -405158.6
755.1 -428.57 -397662.62
795.92 -428.57 -386832.67
836.73 -428.57 -372674.05
877.55 -428.57 -355179.82
918.37 -428.57 -334353.05
959.18 -428.57 -310200.06
1000.0 -428.57 -282709.01
-1000.0 -387.76 2165995.32
-959.18 -387.76 2038536.5
-918.37 -387.76 1914440.23
-877.55 -387.76 1793645.69
-836.73 -387.76 1676183.69
-795.92 -387.76 1562081.78
-755.1 -387.76 1451284.06
-714.29 -387.76 1343844.8
-673.47 -387.76 1239711.34
-632.65 -387.76 1138910.43
-591.84 -387.76 1041465.54
-551.02 -387.76 947328.91
-510.2 -387.76 856524.82
-469.39 -387.76 769074.29
-428.57 -387.76 684934.47
-387.76 -387.76 604146.59
-346.94 -387.76 526671.05
-306.12 -387.76 452528.05
-265.31 -387.76 381734.53
-224.49 -387.76 314255.81
-183.67 -387.76 250109.63
-142.86 -387.76 189310.48
-102.04 -387.76 131828.57
-61.22 -387.76 77679.21
-20.41 -387.76 26874.43
20.41 -387.76 -20610.66
61.22 -387.76 -64752.79
102.04 -387.76 -105573.61
142.86 -387.76 -143061.88
183.67 -387.76 -177209.65
224.49 -387.76 -208033.65
265.31 -387.76 -235525.1
306.12 -387.76 -259678.5
346.94 -387.76 -280505.68
387.76 -387.76 -298000.32
428.57 -387.76 -312159.34
469.39 -387.76 -322989.71
510.2 -387.76 -330486.1
551.02 -387.76 -334652.19
591.84 -387.76 -335485.73
632.65 -387.76 -332987.75
673.47 -387.76 -327157.02
714.29 -387.76 -317993.75
755.1 -387.76 -305501.4
795.92 -387.76 -289673.85
836.73 -387.76 -270518.86
877.55 -387.76 -248027.04
918.37 -387.76 -222202.68
959.18 -387.76 -193053.32
1000.0 -387.76 -160564.68
-1000.0 -346.94 2043249.58
-959.18 -346.94 1920789.58
-918.37 -346.94 1801690.9
-877.55 -346.94 1685895.17
-836.73 -346.94 1573431.99
-795.92 -346.94 1464327.68
-755.1 -346.94 1358528.77
-714.29 -346.94 1256087.1
-673.47 -346.94 1156952.47
-632.65 -346.94 1061150.38
-591.84 -346.94 968703.07
-551.02 -346.94 879565.26
-510.2 -346.94 793759.98
-469.39 -346.94 711307.05
-428.57 -346.94 632166.05
-387.76 -346.94 556375.76
-346.94 -346.94 483899.03
-306.12 -346.94 414754.85
-265.31 -346.94 348958.93
-224.49 -346.94 286479.02
-183.67 -346.94 227331.66
-142.86 -346.94 171530.1
-102.04 -346.94 119047.01
-61.22 -346.94 69896.47
-20.41 -346.94 24089.28
20.41 -346.94 -18396.99
61.22 -346.94 -57541.53
102.04 -346.94 -93363.53
142.86 -346.94 -125852.99
183.67 -346.94 -155003.16
224.49 -346.94 -180828.34
265.31 -346.94 -203320.98
306.12 -346.94 -222476.78
346.94 -346.94 -238305.15
387.76 -346.94 -250800.97
428.57 -346.94 -259962.4
469.39 -346.94 -265793.95
510.2 -346.94 -268292.74
551.02 -346.94 -267460.02
591.84 -346.94 -263294.74
632.65 -346.94 -255799.17
673.47 -346.94 -244969.62
714.29 -346.94 -230807.53
755.1 -346.94 -213317.59
795.92 -346.94 -192491.23
836.73 -346.94 -168338.65
877.55 -346.94 -140848.01
918.37 -346.94 -110024.83
959.18 -346.94 -75877.88
1000.0 -346.94 -38390.42
-1000.0 -306.12 1920503.84
-959.18 -306.12 1803042.66
-918.37 -306.12 1688941.57
-877.55 -306.12 1578144.66
-836.73 -306.12 1470680.3
-795.92 -306.12 1366573.58
-755.1 -306.12 1265773.49
-714.29 -306.12 1168329.41
-673.47 -306.12 1074193.59
-632.65 -306.12 983390.32
-591.84 -306.12 895940.61
-551.02 -306.12 811801.61
-510.2 -306.12 730995.15
-469.39 -306.12 653539.81
-428.57 -306.12 579397.63
-387.76 -306.12 508604.93
-346.94 -306.12 441127.02
-306.12 -306.12 376981.66
-265.31 -306.12 316183.33
-224.49 -306.12 258702.24
-183.67 -306.12 204553.69
-142.86 -306.12 153749.73
-102.04 -306.12 106265.46
-61.22 -306.12 62113.73
-20.41 -306.12 21304.14
20.41 -306.12 -16183.32
61.22 -306.12 -50330.27
102.04 -306.12 -81153.45
142.86 -306.12 -108644.09
183.67 -306.12 -132796.67
224.49 -306.12 -153623.04
265.31 -306.12 -171116.86
306.12 -306.12 -185275.07
346.94 -306.12 -196104.61
387.76 -306.12 -203601.62
428.57 -306.12 -207765.46
469.39 -306.12 -208598.19
510.2 -306.12 -206099.39
551.02 -306.12 -200267.85
591.84 -306.12 -191103.76
632.65 -306.12 -178610.59
673.47 -306.12 -162782.23
714.29 -306.12 -143621.32
755.1 -306.12 -121133.79
795.92 -306.12 -95308.6
836.73 -306.12 -66158.43
877.55 -306.12 -33668.98
918.37 -306.12 2153.02
959.18 -306.12 41297.57
1000.0 -306.12 83783.84
-1000.0 -265.31 1797788.17
-959.18 -265.31 1685324.58
-918.37 -265.31 1576219.86
-877.55 -265.31 1470420.54
-836.73 -265.31 1367953.77
-795.92 -265.31 1268843.42
-755.1 -265.31 1173040.92
-714.29 -265.31 1080593.21
-673.47 -265.31 991454.99
-632.65 -265.31 905649.31
-591.84 -265.31 823195.97
-551.02 -265.31 744054.56
-510.2 -265.31 668245.7
-469.39 -265.31 595786.72
-428.57 -265.31 526642.14
-387.76 -265.31 460845.8
-346.94 -265.31 398365.49
-306.12 -265.31 339217.72
-265.31 -265.31 283415.75
-224.49 -265.31 230932.26
-183.67 -265.31 181781.3
-142.86 -265.31 135973.71
-102.04 -265.31 93487.03
-61.22 -265.31 54332.89
-20.41 -265.31 18519.67
20.41 -265.31 -13970.19
61.22 -265.31 -43120.78
102.04 -265.31 -68946.37
142.86 -265.31 -91439.41
183.67 -265.31 -110595.62
224.49 -265.31 -126424.4
265.31 -265.31 -138920.62
306.12 -265.31 -148082.47
346.94 -265.31 -153914.42
387.76 -265.31 -156413.83
428.57 -265.31 -155581.31
469.39 -265.31 -151416.44
510.2 -265.31 -143921.28
551.02 -265.31 -133092.14
591.84 -265.31 -118930.46
632.65 -265.31 -101440.92
673.47 -265.31 -80614.97
714.29 -265.31 -56456.47
755.1 -265.31 -28972.56
795.92 -265.31 1850.21
836.73 -265.31 35996.75
877.55 -265.31 73483.8
918.37 -265.31 114303.39
959.18 -265.31 158444.3
1000.0 -265.31 205928.17
-1000.0 -224.49 1675042.43
-959.18 -224.49 1567577.66
-918.37 -224.49 1463470.53
-877.55 -224.49 1362670.03
-836.73 -224.49 1265202.08
-795.92 -224.49 1171089.32
-755.1 -224.49 1080285.64
-714.29 -224.49 992835.52
-673.47 -224.49 908696.11
-632.65 -224.49 827889.25
-591.84 -224.49 750433.5
-551.02 -224.49 676290.91
-510.2 -224.49 605480.86
-469.39 -224.49 538019.49
-428.57 -224.49 473873.71
-387.76 -224.49 413074.97
-346.94 -224.49 355593.48
-306.12 -224.49 301444.52
-265.31 -224.49 250640.15
-224.49 -224.49 203155.47
-183.67 -224.49 159003.33
-142.86 -224.49 118193.33
-102.04 -224.49 80705.47
-61.22 -224.49 46550.15
-20.41 -224.49 15734.52
20.41 -224.49 -11756.52
61.22 -224.49 -35909.52
102.04 -224.49 -56736.29
142.86 -224.49 -74230.51
183.67 -224.49 -88389.14
224.49 -224.49 -99219.09
265.31 -224.49 -106716.5
306.12 -224.49 -110880.75
346.94 -224.49 -111713.89
387.76 -224.49 -109214.48
428.57 -224.49 -103384.36
469.39 -224.49 -94220.68
510.2 -224.49 -81727.92
551.02 -224.49 -65899.97
591.84 -224.49 -46739.47
632.65 -224.49 -24252.34
673.47 -224.49 1572.43
714.29 -224.49 30729.75
755.1 -224.49 63211.24
795.92 -224.49 99032.83
836.73 -224.49 138176.97
877.55 -224.49 180662.83
918.37 -224.49 226481.24
959.18 -224.49 275619.75
1000.0 -224.49 328102.43
-1000.0 -183.67 1552296.69
-959.18 -183.67 1449830.73
-918.37 -183.67 1350721.2
-877.55 -183.67 1254919.52
-836.73 -183.67 1162450.38
-795.92 -183.67 1073335.22
-755.1 -183.67 987530.35
-714.29 -183.67 905077.83
-673.47 -183.67 825937.24
-632.65 -183.67 750129.19
-591.84 -183.67 677671.03
-551.02 -183.67 608527.26
-510.2 -183.67 542716.03
-469.39 -183.67 480252.25
-428.57 -183.67 421105.29
-387.76 -183.67 365304.15
-346.94 -183.67 312821.46
-306.12 -183.67 263671.33
-265.31 -183.67 217864.55
-224.49 -183.67 175378.68
-183.67 -183.67 136225.37
-142.86 -183.67 100412.96
-102.04 -183.67 67923.91
-61.22 -183.67 38767.41
-20.41 -183.67 12949.37
20.41 -183.67 -9542.86
61.22 -183.67 -28698.25
102.04 -183.67 -44526.21
142.86 -183.67 -57021.62
183.67 -183.67 -66182.65
224.49 -183.67 -72013.78
265.31 -183.67 -74512.38
306.12 -183.67 -73679.04
346.94 -183.67 -69513.36
387.76 -183.67 -62015.13
428.57 -183.67 -51187.42
469.39 -183.67 -37024.92
510.2 -183.67 -19534.57
551.02 -183.67 1292.2
591.84 -183.67 25451.52
632.65 -183.67 52936.24
673.47 -183.67 83759.83
714.29 -183.67 117915.96
755.1 -183.67 155395.05
795.92 -183.67 196215.46
836.73 -183.67 240357.19
877.55 -183.67 287841.87
918.37 -183.67 338659.09
959.18 -183.67 392795.19
1000.0 -183.67 450276.69
-1000.0 -142.86 1429581.02
-959.18 -142.86 1332112.66
-918.37 -142.86 1237999.49
-877.55 -142.86 1147195.4
-836.73 -142.86 1059723.86
-795.92 -142.86 975605.06
-755.1 -142.86 894797.79
-714.29 -142.86 817341.63
-673.47 -142.86 743198.63
-632.65 -142.86 672388.18
-591.84 -142.86 604926.39
-551.02 -142.86 540780.21
-510.2 -142.86 479966.58
-469.39 -142.86 422499.16
-428.57 -142.86 368349.8
-387.76 -142.86 317545.02
-346.94 -142.86 270059.93
-306.12 -142.86 225907.38
-265.31 -142.86 185096.98
-224.49 -142.86 147608.7
-183.67 -142.86 113452.98
-142.86 -142.86 82636.94
-102.04 -142.86 55145.48
-61.22 -142.86 30986.58
-20.41 -142.86 10164.91
20.41 -142.86 -7329.73
61.22 -142.86 -21488.76
102.04 -142.86 -32319.12
142.86 -142.86 -39816.94
183.67 -142.86 -43981.6
224.49 -142.86 -44815.14
265.31 -142.86 -42316.14
306.12 -142.86 -36486.44
346.94 -142.86 -27323.16
387.76 -142.86 -14827.34
428.57 -142.86 996.73
469.39 -142.86 20156.83
510.2 -142.86 42643.54
551.02 -142.86 68467.91
591.84 -142.86 97624.82
632.65 -142.86 130105.91
673.47 -142.86 165927.09
714.29 -142.86 205080.82
755.1 -142.86 247556.27
795.92 -142.86 293374.27
836.73 -142.86 342512.37
877.55 -142.86 394994.64
918.37 -142.86 450809.46
959.18 -142.86 509941.93
1000.0 -142.86 572421.02
-1000.0 -102.04 1306835.28
-959.18 -102.04 1214365.73
-918.37 -102.04 1125250.16
-877.55 -102.04 1039444.89
-836.73 -102.04 956972.16
-795.92 -102.04 877850.96
-755.1 -102.04 802042.5
-714.29 -102.04 729583.94
-673.47 -102.04 660439.76
-632.65 -102.04 594628.12
-591.84 -102.04 532163.93
-551.02 -102.04 473016.56
-510.2 -102.04 417201.74
-469.39 -102.04 364731.92
-428.57 -102.04 315581.37
-387.76 -102.04 269774.19
-346.94 -102.04 227287.92
-306.12 -102.04 188134.19
-265.31 -102.04 152321.37
-224.49 -102.04 119831.92
-183.67 -102.04 90675.01
-142.86 -102.04 64856.56
-102.04 -102.04 42363.93
-61.22 -102.04 23203.83
-20.41 -102.04 7379.76
20.41 -102.04 -5116.06
61.22 -102.04 -14277.5
102.04 -102.04 -20109.04
142.86 -102.04 -22608.04
183.67 -102.04 -21775.11
224.49 -102.04 -17609.84
265.31 -102.04 -10112.02
306.12 -102.04 715.28
346.94 -102.04 14877.37
387.76 -102.04 32372.01
428.57 -102.04 53193.68
469.39 -102.04 77352.59
510.2 -102.04 104836.9
551.02 -102.04 135660.08
591.84 -102.04 169815.8
632.65 -102.04 207294.48
673.47 -102.04 248114.48
714.29 -102.04 292267.03
755.1 -102.04 339740.08
795.92 -102.04 390556.9
836.73 -102.04 444692.59
877.55 -102.04 502173.68
918.37 -102.04 562987.31
959.18 -102.04 627117.37
1000.0 -102.04 694595.28
-1000.0 -61.22 1184089.54
-959.18 -61.22 1096618.81
-918.37 -61.22 1012500.83
-877.55 -61.22 931694.38
-836.73 -61.22 854220.46
-795.92 -61.22 780096.85
-755.1 -61.22 709287.22
-714.29 -61.22 641826.25
-673.47 -61.22 577680.88
-632.65 -61.22 516868.06
-591.84 -61.22 459401.46
-551.02 -61.22 405252.91
-510.2 -61.22 354436.91
-469.39 -61.22 306964.68
-428.57 -61.22 262812.95
-387.76 -61.22 222003.36
-346.94 -61.22 184515.9
-306.12 -61.22 150360.99
-265.31 -61.22 119545.77
-224.49 -61.22 92055.13
-183.67 -61.22 67897.04
-142.86 -61.22 47076.19
-102.04 -61.22 29582.37
-61.22 -61.22 15421.09
-20.41 -61.22 4594.61
20.41 -61.22 -2902.39
61.22 -61.22 -7066.24
102.04 -61.22 -7898.96
142.86 -61.22 -5399.15
183.67 -61.22 431.38
224.49 -61.22 9595.47
265.31 -61.22 22092.1
306.12 -61.22 37917.0
346.94 -61.22 57077.9
387.76 -61.22 79571.36
428.57 -61.22 105390.62
469.39 -61.22 134548.34
510.2 -61.22 167030.25
551.02 -61.22 202852.25
591.84 -61.22 242006.79
632.65 -61.22 284483.06
673.47 -61.22 330301.88
714.29 -61.22 379453.24
755.1 -61.22 431923.88
795.92 -61.22 487739.52
836.73 -61.22 546872.8
877.55 -61.22 609352.71
918.37 -61.22 675165.16
959.18 -61.22 744292.81
1000.0 -61.22 816769.54
-1000.0 -20.41 1061373.87
-959.18 -20.41 978900.73
-918.37 -20.41 899779.12
-877.55 -20.41 823970.26
-836.73 -20.41 751493.94
-795.92 -20.41 682366.7
-755.1 -20.41 616554.65
-714.29 -20.41 554090.05
-673.47 -20.41 494942.28
-632.65 -20.41 439127.05
-591.84 -20.41 386656.82
-551.02 -20.41 337505.86
-510.2 -20.41 291687.46
-469.39 -20.41 249211.59
-428.57 -20.41 210057.46
-387.76 -20.41 174244.23
-346.94 -20.41 141754.37
-306.12 -20.41 112597.05
-265.31 -20.41 86778.2
-224.49 -20.41 64285.15
-183.67 -20.41 45124.65
-142.86 -20.41 29300.17
-102.04 -20.41 16803.94
-61.22 -20.41 7640.26
-20.41 -20.41 1810.14
20.41 -20.41 -689.27
61.22 -20.41 143.26
102.04 -20.41 4308.12
142.86 -20.41 11805.53
183.67 -20.41 22632.42
224.49 -20.41 36794.11
265.31 -20.41 54288.33
306.12 -20.41 75109.6
346.94 -20.41 99268.1
387.76 -20.41 126759.14
428.57 -20.41 157574.77
469.39 -20.41 191730.09
510.2 -20.41 229208.36
551.02 -20.41 270027.96
591.84 -20.41 314180.09
632.65 -20.41 361652.73
673.47 -20.41 412469.14
714.29 -20.41 466618.1
755.1 -20.41 524085.11
795.92 -20.41 584898.33
836.73 -20.41 649027.98
877.55 -20.41 716505.49
918.37 -20.41 787315.53
959.18 -20.41 861439.55
1000.0 -20.41 938913.87
-1000.0 20.41 938628.13
-959.18 20.41 861153.81
-918.37 20.41 787029.79
-877.55 20.41 716219.75
-836.73 20.41 648742.24
-795.92 20.41 584612.59
-755.1 20.41 523799.37
-714.29 20.41 466332.36
-673.47 20.41 412183.4
-632.65 20.41 361366.99
-591.84 20.41 313894.35
-551.02 20.41 269742.22
-510.2 20.41 228922.62
-469.39 20.41 191444.35
-428.57 20.41 157289.03
-387.76 20.41 126473.4
-346.94 20.41 98982.36
-306.12 20.41 74823.86
-265.31 20.41 54002.59
-224.49 20.41 36508.37
-183.67 20.41 22346.68
-142.86 20.41 11519.79
-102.04 20.41 4022.38
-61.22 20.41 -142.48
-20.41 20.41 -975.01
20.41 20.41 1524.4
61.22 20.41 7354.52
102.04 20.41 16518.2
142.86 20.41 29014.43
183.67 20.41 44838.91
224.49 20.41 63999.41
265.31 20.41 86492.46
306.12 20.41 112311.31
346.94 20.41 141468.63
387.76 20.41 173958.49
428.57 20.41 209771.72
469.39 20.41 248925.85
510.2 20.41 291401.72
551.02 20.41 337220.12
591.84 20.41 386371.08
632.65 20.41 438841.31
673.47 20.41 494656.54
714.29 20.41 553804.31
755.1 20.41 616268.91
795.92 20.41 682080.96
836.73 20.41 751208.2
877.55 20.41 823684.52
918.37 20.41 899493.38
959.18 20.41 978614.99
1000.0 20.41 1061088.13
-1000.0 61.22 815912.46
-959.18 61.22 743435.73
-918.37 61.22 674308.08
-877.55 61.22 608495.63
-836.73 61.22 546015.72
-795.92 61.22 486882.44
-755.1 61.22 431066.8
-714.29 61.22 378596.16
-673.47 61.22 329444.8
-632.65 61.22 283625.98
-591.84 61.22 241149.71
-551.02 61.22 201995.17
-510.2 61.22 166173.17
-469.39 61.22 133691.26
-428.57 61.22 104533.54
-387.76 61.22 78714.28
-346.94 61.22 56220.82
-306.12 61.22 37059.92
-265.31 61.22 21235.02
-224.49 61.22 8738.39
-183.67 61.22 -425.7
-142.86 61.22 -6256.23
-102.04 61.22 -8756.04
-61.22 61.22 -7923.32
-20.41 61.22 -3759.47
20.41 61.22 3737.53
61.22 61.22 14564.01
102.04 61.22 28725.29
142.86 61.22 46219.11
183.67 61.22 67039.96
224.49 61.22 91198.05
265.31 61.22 118688.69
306.12 61.22 149503.91
346.94 61.22 183658.82
387.76 61.22 221146.28
428.57 61.22 261955.87
469.39 61.22 306107.6
510.2 61.22 353579.83
551.02 61.22 404395.83
591.84 61.22 458544.38
632.65 61.22 516010.98
673.47 61.22 576823.8
714.29 61.22 640969.17
755.1 61.22 708430.14
795.92 61.22 779239.77
836.73 61.22 853363.38
877.55 61.22 930837.3
918.37 61.22 1011643.75
959.18 61.22 1095761.73
1000.0 61.22 1183232.46
-1000.0 102.04 693166.72
-959.18 102.04 625688.81
-918.37 102.04 561558.75
-877.55 102.04 500745.12
-836.73 102.04 443264.03
-795.92 102.04 389128.34
-755.1 102.04 338311.52
-714.29 102.04 290838.47
-673.47 102.04 246685.92
-632.65 102.04 205865.92
-591.84 102.04 168387.24
-551.02 102.04 134231.52
-510.2 102.04 103408.34
-469.39 102.04 75924.03
-428.57 102.04 51765.12
-387.76 102.04 30943.45
-346.94 102.04 13448.81
-306.12 102.04 -713.28
-265.31 102.04 -11540.58
-224.49 102.04 -19038.4
-183.67 102.04 -23203.67
-142.86 102.04 -24036.6
-102.04 102.04 -21537.6
-61.22 102.04 -15706.06
-20.41 102.04 -6544.62
20.41 102.04 5951.2
61.22 102.04 21775.27
102.04 102.04 40935.37
142.86 102.04 63428.0
183.67 102.04 89246.45
224.49 102.04 118403.36
265.31 102.04 150892.81
306.12 102.04 186705.63
346.94 102.04 225859.36
387.76 102.04 268345.63
428.57 102.04 314152.81
469.39 102.04 363303.36
510.2 102.04 415773.18
551.02 102.04 471588.0
591.84 102.04 530735.37
632.65 102.04 593199.56
673.47 102.04 659011.2
714.29 102.04 728155.38
755.1 102.04 800613.94
795.92 102.04 876422.4
836.73 102.04 955543.6
877.55 102.04 1038016.33
918.37 102.04 1123821.6
959.18 102.04 1212937.17
1000.0 102.04 1305406.72
-1000.0 142.86 570420.98
-959.18 142.86 507941.89
-918.37 142.86 448809.42
-877.55 142.86 392994.6
-836.73 142.86 340512.33
-795.92 142.86 291374.23
-755.1 142.86 245556.23
-714.29 142.86 203080.78
-673.47 142.86 163927.05
-632.65 142.86 128105.87
-591.84 142.86 95624.78
-551.02 142.86 66467.87
-510.2 142.86 40643.5
-469.39 142.86 18156.79
-428.57 142.86 -1003.31
-387.76 142.86 -16827.38
-346.94 142.86 -29323.2
-306.12 142.86 -38486.48
-265.31 142.86 -44316.18
-224.49 142.86 -46815.18
-183.67 142.86 -45981.64
-142.86 142.86 -41816.98
-102.04 142.86 -34319.16
-61.22 142.86 -23488.8
-20.41 142.86 -9329.77
20.41 142.86 8164.87
61.22 142.86 28986.54
102.04 142.86 53145.44
142.86 142.86 80636.9
183.67 142.86 111452.94
224.49 142.86 145608.66
265.31 142.86 183096.94
306.12 142.86 223907.34
346.94 142.86 268059.89
387.76 142.86 315544.98
428.57 142.86 366349.76
469.39 142.86 420499.12
510.2 142.86 477966.54
551.02 142.86 538780.17
591.84 142.86 602926.35
632.65 142.86 670388.14
673.47 142.86 741198.59
714.29 142.86 815341.59
755.1 142.86 892797.75
795.92 142.86 973605.02
836.73 142.86 1057723.82
877.55 142.86 1145195.36
918.37 142.86 1235999.45
959.18 142.86 1330112.62
1000.0 142.86 1427580.98
-1000.0 183.67 447705.31
-959.18 183.67 390223.81
-918.37 183.67 336087.71
-877.55 183.67 285270.49
-836.73 183.67 237785.81
-795.92 183.67 193644.08
-755.1 183.67 152823.67
-714.29 183.67 115344.58
-673.47 183.67 81188.45
-632.65 183.67 50364.86
-591.84 183.67 22880.14
-551.02 183.67 -1279.18
-510.2 183.67 -22105.95
-469.39 183.67 -39596.3
-428.57 183.67 -53758.8
-387.76 183.67 -64586.51
-346.94 183.67 -72084.74
-306.12 183.67 -76250.42
-265.31 183.67 -77083.76
-224.49 183.67 -74585.16
-183.67 183.67 -68754.03
-142.86 183.67 -59593.0
-102.04 183.67 -47097.59
-61.22 183.67 -31269.63
-20.41 183.67 -12114.24
20.41 183.67 10377.99
61.22 183.67 36196.03
102.04 183.67 65352.53
142.86 183.67 97841.58
183.67 183.67 133653.99
224.49 183.67 172807.3
265.31 183.67 215293.17
306.12 183.67 261099.95
346.94 183.67 310250.08
387.76 183.67 362732.77
428.57 183.67 418533.91
469.39 183.67 477680.87
510.2 183.67 540144.65
551.02 183.67 605955.88
591.84 183.67 675099.65
632.65 183.67 747557.81
673.47 183.67 823365.86
714.29 183.67 902506.45
755.1 183.67 984958.97
795.92 183.67 1070763.84
836.73 183.67 1159879.0
877.55 183.67 1252348.14
918.37 183.67 1348149.82
959.18 183.67 1447259.35
1000.0 183.67 1549725.31
-1000.0 224.49 324959.57
-959.18 224.49 272476.89
-918.37 224.49 223338.38
-877.55 224.49 177519.97
-836.73 224.49 135034.11
-795.92 224.49 95889.97
-755.1 224.49 60068.38
-714.29 224.49 27586.89
-673.47 224.49 -1570.43
-632.65 224.49 -27395.2
-591.84 224.49 -49882.33
-551.02 224.49 -69042.83
-510.2 224.49 -84870.78
-469.39 224.49 -97363.54
-428.57 224.49 -106527.22
-387.76 224.49 -112357.34
-346.94 224.49 -114856.75
-306.12 224.49 -114023.61
-265.31 224.49 -109859.36
-224.49 224.49 -102361.95
-183.67 224.49 -91532.0
-142.86 224.49 -77373.37
-102.04 224.49 -59879.15
-61.22 224.49 -39052.38
-20.41 224.49 -14899.38
20.41 224.49 12591.66
61.22 224.49 43407.29
102.04 224.49 77562.61
142.86 224.49 115050.47
183.67 224.49 155860.47
224.49 224.49 200012.61
265.31 224.49 247497.29
306.12 224.49 298301.66
346.94 224.49 352450.62
387.76 224.49 409932.11
428.57 224.49 470730.85
469.39 224.49 534876.63
510.2 224.49 602338.0
551.02 224.49 673148.05
591.84 224.49 747290.64
632.65 224.49 824746.39
673.47 224.49 905553.25
714.29 224.49 989692.66
755.1 224.49 1077142.78
795.92 224.49 1167946.46
836.73 224.49 1262059.22
877.55 224.49 1359527.17
918.37 224.49 1460327.67
959.18 224.49 1564434.8
1000.0 224.49 1671899.57
-1000.0 265.31 202213.83
-959.18 265.31 154729.96
-918.37 265.31 110589.05
-877.55 265.31 69769.46
-836.73 265.31 32282.41
-795.92 265.31 -1864.13
-755.1 265.31 -32686.9
-714.29 265.31 -60170.81
-673.47 265.31 -84329.31
-632.65 265.31 -105155.26
-591.84 265.31 -122644.8
-551.02 265.31 -136806.48
-510.2 265.31 -147635.62
-469.39 265.31 -155130.78
-428.57 265.31 -159295.65
-387.76 265.31 -160128.17
-346.94 265.31 -157628.76
-306.12 265.31 -151796.81
-265.31 265.31 -142634.96
-224.49 265.31 -130138.74
-183.67 265.31 -114309.96
-142.86 265.31 -95153.75
-102.04 265.31 -72660.71
-61.22 265.31 -46835.12
-20.41 265.31 -17684.53
20.41 265.31 14805.33
61.22 265.31 50618.55
102.04 265.31 89772.69
142.86 265.31 132259.37
183.67 265.31 178066.96
224.49 265.31 227217.92
265.31 265.31 279701.41
306.12 265.31 335503.38
346.94 265.31 394651.15
387.76 265.31 457131.46
428.57 265.31 522927.8
469.39 265.31 592072.38
510.2 265.31 664531.36
551.02 265.31 740340.22
591.84 265.31 819481.63
632.65 265.31 901934.97
673.47 265.31 987740.65
714.29 265.31 1076878.87
755.1 265.31 1169326.58
795.92 265.31 1265129.08
836.73 265.31 1364239.43
877.55 265.31 1466706.2
918.37 265.31 1572505.52
959.18 265.31 1681610.24
1000.0 265.31 1794073.83
-1000.0 306.12 79498.16
-959.18 306.12 37011.89
-918.37 306.12 -2132.66
-877.55 306.12 -37954.66
-836.73 306.12 -70444.11
-795.92 306.12 -99594.28
-755.1 306.12 -125419.47
-714.29 306.12 -147907.0
-673.47 306.12 -167067.91
-632.65 306.12 -182896.27
-591.84 306.12 -195389.44
-551.02 306.12 -204553.53
-510.2 306.12 -210385.07
-469.39 306.12 -212883.87
-428.57 306.12 -212051.14
-387.76 306.12 -207887.3
-346.94 306.12 -200390.29
-306.12 306.12 -189560.75
-265.31 306.12 -175402.54
-224.49 306.12 -157908.72
-183.67 306.12 -137082.35
-142.86 306.12 -112929.77
-102.04 306.12 -85439.13
-61.22 306.12 -54615.95
-20.41 306.12 -20469.0
20.41 306.12 17018.46
61.22 306.12 57828.05
102.04 306.12 101979.78
142.86 306.12 149464.05
183.67 306.12 200268.01
224.49 306.12 254416.56
265.31 306.12 311897.65
306.12 306.12 372695.98
346.94 306.12 436841.34
387.76 306.12 504319.25
428.57 306.12 575111.95
469.39 306.12 649254.13
510.2 306.12 726709.47
551.02 306.12 807515.93
591.84 306.12 891654.93
632.65 306.12 979104.64
673.47 306.12 1069907.91
714.29 306.12 1164043.73
755.1 306.12 1261487.81
795.92 306.12 1362287.9
836.73 306.12 1466394.62
877.55 306.12 1573858.98
918.37 306.12 1684655.89
959.18 306.12 1798756.98
1000.0 306.12 1916218.16
-1000.0 346.94 -43247.58
-959.18 346.94 -80735.04
-918.37 346.94 -114881.99
-877.55 346.94 -145705.17
-836.73 346.94 -173195.81
-795.92 346.94 -197348.39
-755.1 346.94 -218174.75
-714.29 346.94 -235664.69
-673.47 346.94 -249826.78
-632.65 346.94 -260656.33
-591.84 346.94 -268151.9
-551.02 346.94 -272317.18
-510.2 346.94 -273149.9
-469.39 346.94 -270651.11
-428.57 346.94 -264819.56
-387.76 346.94 -255658.13
-346.94 346.94 -243162.31
-306.12 346.94 -227333.94
-265.31 346.94 -208178.14
-224.49 346.94 -185685.5
-183.67 346.94 -159860.32
-142.86 346.94 -130710.15
-102.04 346.94 -98220.69
-61.22 346.94 -62398.69
-20.41 346.94 -23254.15
20.41 346.94 19232.12
61.22 346.94 65039.31
102.04 346.94 114189.85
142.86 346.94 166672.94
183.67 346.94 222474.5
224.49 346.94 281621.86
265.31 346.94 344101.77
306.12 346.94 409897.69
346.94 346.94 479041.87
387.76 346.94 551518.6
428.57 346.94 627308.89
469.39 346.94 706449.89
510.2 346.94 788902.82
551.02 346.94 874708.1
591.84 346.94 963845.91
632.65 346.94 1056293.22
673.47 346.94 1152095.31
714.29 346.94 1251229.94
755.1 346.94 1353671.61
795.92 346.94 1459470.52
836.73 346.94 1568574.83
877.55 346.94 1681038.01
918.37 346.94 1796833.74
959.18 346.94 1915932.42
1000.0 346.94 2038392.42
-1000.0 387.76 -165993.32
-959.18 387.76 -198481.96
-918.37 387.76 -227631.32
-877.55 387.76 -253455.68
-836.73 387.76 -275947.5
-795.92 387.76 -295102.49
-755.1 387.76 -310930.04
-714.29 387.76 -323422.39
-673.47 387.76 -332585.66
-632.65 387.76 -338416.39
-591.84 387.76 -340914.37
-551.02 387.76 -340080.83
-510.2 387.76 -335914.74
-469.39 387.76 -328418.35
-428.57 387.76 -317587.98
-387.76 387.76 -303428.96
-346.94 387.76 -285934.32
-306.12 387.76 -265107.14
-265.31 387.76 -240953.74
-224.49 387.76 -213462.29
-183.67 387.76 -182638.29
-142.86 387.76 -148490.52
-102.04 387.76 -111002.25
-61.22 387.76 -70181.43
-20.41 387.76 -26039.3
20.41 387.76 21445.79
61.22 387.76 72250.57
102.04 387.76 126399.93
142.86 387.76 183881.84
183.67 387.76 244680.99
224.49 387.76 308827.17
265.31 387.76 376305.89
306.12 387.76 447099.41
346.94 387.76 521242.41
387.76 387.76 598717.95
428.57 387.76 679505.83
469.39 387.76 763645.65
510.2 387.76 851096.18
551.02 387.76 941900.27
591.84 387.76 1036036.9
632.65 387.76 1133481.79
673.47 387.76 1234282.7
714.29 387.76 1338416.16
755.1 387.76 1445855.42
795.92 387.76 1556653.14
836.73 387.76 1670755.05
877.55 387.76 1788217.05
918.37 387.76 1909011.59
959.18 387.76 2033107.86
1000.0 387.76 2160566.68
-1000.0 428.57 -288708.99
-959.18 428.57 -316200.04
-918.37 428.57 -340353.03
-877.55 428.57 -361179.8
-836.73 428.57 -378674.03
-795.92 428.57 -392832.65
-755.1 428.57 -403662.6
-714.29 428.57 -411158.58
-673.47 428.57 -415324.26
-632.65 428.57 -416157.4
-591.84 428.57 -413659.01
-551.02 428.57 -407827.87
-510.2 428.57 -398664.19
-469.39 428.57 -386171.43
-428.57 428.57 -370343.48
-387.76 428.57 -351188.08
-346.94 428.57 -328695.85
-306.12 428.57 -302871.08
-265.31 428.57 -273721.31
-224.49 428.57 -241232.27
-183.67 428.57 -205410.68
-142.86 428.57 -166266.54
-102.04 428.57 -123780.68
-61.22 428.57 -77962.27
-20.41 428.57 -28823.76
20.41 428.57 23658.92
61.22 428.57 79460.06
102.04 428.57 138607.02
142.86 428.57 201086.52
183.67 428.57 266882.03
224.49 428.57 336025.81
265.31 428.57 408502.13
306.12 428.57 484292.01
346.94 428.57 563432.6
387.76 428.57 645905.74
428.57 428.57 731689.99
469.39 428.57 820827.4
510.2 428.57 913274.29
551.02 428.57 1009075.97
591.84 428.57 1108210.2
632.65 428.57 1210651.46
673.47 428.57 1316449.96
714.29 428.57 1425581.01
755.1 428.57 1538016.64
795.92 428.57 1653811.96
836.73 428.57 1772910.23
877.55 428.57 1895369.82
918.37 428.57 2021161.96
959.18 428.57 2150254.6
1000.0 428.57 2282711.01
-1000.0 469.39 -411454.73
-959.18 469.39 -433946.96
-918.37 469.39 -453102.36
-877.55 469.39 -468930.31
-836.73 469.39 -481425.72
-795.92 469.39 -490586.75
-755.1 469.39 -496417.89
-714.29 469.39 -498916.28
-673.47 469.39 -498083.14
-632.65 469.39 -493917.46
-591.84 469.39 -486421.48
-551.02 469.39 -475591.52
-510.2 469.39 -461429.02
-469.39 469.39 -443938.67
-428.57 469.39 -423111.9
-387.76 469.39 -398958.91
-346.94 469.39 -371467.87
-306.12 469.39 -340644.28
-265.31 469.39 -306496.92
-224.49 469.39 -269009.05
-183.67 469.39 -228188.64
-142.86 469.39 -184046.92
-102.04 469.39 -136562.24
-61.22 469.39 -85745.01
-20.41 469.39 -31608.91
20.41 469.39 25872.59
61.22 469.39 86671.33
102.04 469.39 150817.1
142.86 469.39 218295.42
183.67 469.39 289088.52
224.49 469.39 363231.11
265.31 469.39 440706.25
306.12 469.39 521493.72
346.94 469.39 605633.13
387.76 469.39 693105.09
428.57 469.39 783886.93
469.39 469.39 878023.16
510.2 469.39 975467.64
551.02 469.39 1076268.14
591.84 469.39 1180401.19
632.65 469.39 1287840.04
673.47 469.39 1398637.36
714.29 469.39 1512767.22
755.1 469.39 1630200.45
795.92 469.39 1750994.58
836.73 469.39 1875090.45
877.55 469.39 2002548.86
918.37 469.39 2133339.81
959.18 469.39 2267430.04
1000.0 469.39 2404885.27
-1000.0 510.2 -534170.4
-959.18 510.2 -551665.04
-918.37 510.2 -565824.07
-877.55 510.2 -576654.43
-836.73 510.2 -584152.25
-795.92 510.2 -588316.91
-755.1 510.2 -589150.45
-714.29 510.2 -586652.47
-673.47 510.2 -580821.74
-632.65 510.2 -571658.47
-591.84 510.2 -559166.12
-551.02 510.2 -543338.57
-510.2 510.2 -524178.48
-469.39 510.2 -501691.76
-428.57 510.2 -475867.4
-387.76 510.2 -446718.04
-346.94 510.2 -414229.4
-306.12 510.2 -378408.22
-265.31 510.2 -339264.49
-224.49 510.2 -296779.03
-183.67 510.2 -250961.03
-142.86 510.2 -201822.94
-102.04 510.2 -149340.66
-61.22 510.2 -93525.84
-20.41 510.2 -34393.38
20.41 510.2 28085.71
61.22 510.2 93880.82
102.04 510.2 163024.19
142.86 510.2 235500.1
183.67 510.2 311289.57
224.49 510.2 390429.75
265.31 510.2 472902.48
306.12 510.2 558686.33
346.94 510.2 647823.33
387.76 510.2 740292.87
428.57 510.2 836071.09
469.39 510.2 935204.91
510.2 510.2 1037645.76
551.02 510.2 1143443.85
591.84 510.2 1252574.49
632.65 510.2 1365009.71
673.47 510.2 1480804.62
714.29 510.2 1599932.08
755.1 510.2 1722361.67
795.92 510.2 1848153.4
836.73 510.2 1977245.63
877.55 510.2 2109701.63
918.37 510.2 2245490.18
959.18 510.2 2384576.78
1000.0 510.2 2527029.6
-1000.0 551.02 -656916.14
-959.18 551.02 -669411.96
-918.37 551.02 -678573.4
-877.55 551.02 -684404.94
-836.73 551.02 -686903.94
-795.92 551.02 -686071.01
-755.1 551.02 -681905.74
-714.29 551.02 -674410.16
-673.47 551.02 -663580.62
-632.65 551.02 -649418.53
-591.84 551.02 -631928.58
-551.02 551.02 -611102.22
-510.2 551.02 -586943.31
-469.39 551.02 -559459.0
-428.57 551.02 -528635.82
-387.76 551.02 -494488.87
-346.94 551.02 -457001.41
-306.12 551.02 -416181.41
-265.31 551.02 -372040.09
-224.49 551.02 -324555.82
-183.67 551.02 -273739.0
-142.86 551.02 -219603.31
-102.04 551.02 -162122.22
-61.22 551.02 -101308.58
-20.41 551.02 -37178.53
20.41 551.02 30299.38
61.22 551.02 101092.08
102.04 551.02 175234.26
142.86 551.02 252708.99
183.67 551.02 333496.06
224.49 551.02 417635.06
265.31 551.02 505106.6
306.12 551.02 595888.04
346.94 551.02 690023.86
387.76 551.02 787492.22
428.57 551.02 888268.03
469.39 551.02 992400.67
510.2 551.02 1099839.11
551.02 551.02 1210636.02
591.84 551.02 1324765.48
632.65 551.02 1442198.29
673.47 551.02 1562992.02
714.29 551.02 1687118.29
755.1 551.02 1814545.48
795.92 551.02 1945336.02
836.73 551.02 2079425.85
877.55 551.02 2216880.67
918.37 551.02 2357668.03
959.18 551.02 2501752.22
1000.0 551.02 2649203.86
-1000.0 591.84 -779661.88
-959.18 591.84 -787158.88
-918.37 591.84 -791322.73
-877.55 591.84 -792155.45
-836.73 591.84 -789655.64
-795.92 591.84 -783825.11
-755.1 591.84 -774661.02
-714.29 591.84 -762167.86
-673.47 591.84 -746339.49
-632.65 591.84 -727178.59
-591.84 591.84 -704691.05
-551.02 591.84 -678865.87
-510.2 591.84 -649708.14
-469.39 591.84 -617226.24
-428.57 591.84 -581404.24
-387.76 591.84 -542259.7
-346.94 591.84 -499773.43
-306.12 591.84 -453954.61
-265.31 591.84 -404815.7
-224.49 591.84 -352332.6
-183.67 591.84 -296516.97
-142.86 591.84 -237383.69
-102.04 591.84 -174903.78
-61.22 591.84 -109091.33
-20.41 591.84 -39963.68
20.41 591.84 32513.05
61.22 591.84 108303.34
102.04 591.84 187444.34
142.86 591.84 269917.89
183.67 591.84 355702.55
224.49 591.84 444840.36
265.31 591.84 537310.73
306.12 591.84 633089.76
346.94 591.84 732224.39
387.76 591.84 834691.57
428.57 591.84 940464.97
469.39 591.84 1049596.42
510.2 591.84 1162032.46
551.02 591.84 1277828.19
591.84 591.84 1396956.46
632.65 591.84 1519386.87
673.47 591.84 1645179.42
714.29 591.84 1774304.5
755.1 591.84 1906729.28
795.92 591.84 2042518.64
836.73 591.84 2181606.06
877.55 591.84 2324059.7
918.37 591.84 2469845.88
959.18 591.84 2618927.67
1000.0 591.84 2771378.12
-1000.0 632.65 -902377.55
-959.18 632.65 -904876.96
-918.37 632.65 -904044.43
-877.55 632.65 -899879.57
-836.73 632.65 -892382.16
-795.92 632.65 -881555.27
-755.1 632.65 -867393.59
-714.29 632.65 -849904.05
-673.47 632.65 -829078.1
-632.65 632.65 -804919.6
-591.84 632.65 -777435.69
-551.02 632.65 -746612.92
-510.2 632.65 -712457.6
-469.39 632.65 -674979.33
-428.57 632.65 -634159.74
-387.76 632.65 -590018.82
-346.94 632.65 -542534.96
-306.12 632.65 -491718.55
-265.31 632.65 -437583.27
-224.49 632.65 -380102.59
-183.67 632.65 -319289.36
-142.86 632.65 -255159.71
-102.04 632.65 -187682.21
-61.22 632.65 -116872.16
-20.41 632.65 -42748.14
20.41 632.65 34726.18
61.22 632.65 115512.84
102.04 632.65 199651.43
142.86 632.65 287122.57
183.67 632.65 377903.6
224.49 632.65 472039.01
265.31 632.65 569506.96
306.12 632.65 670282.36
346.94 632.65 774414.59
387.76 632.65 881879.36
428.57 632.65 992649.13
469.39 632.65 1106778.17
510.2 632.65 1224210.58
551.02 632.65 1345003.9
591.84 632.65 1469129.76
632.65 632.65 1596556.54
673.47 632.65 1727346.68
714.29 632.65 1861469.36
755.1 632.65 1998890.5
795.92 632.65 2139677.46
836.73 632.65 2283761.25
877.55 632.65 2431212.47
918.37 632.65 2581996.25
959.18 632.65 2736074.4
1000.0 632.65 2893522.45
-1000.0 673.47 -1025123.29
-959.18 673.47 -1022623.88
-918.37 673.47 -1016793.76
-877.55 673.47 -1007630.08
-836.73 673.47 -995133.86
-795.92 673.47 -979309.37
-755.1 673.47 -960148.87
-714.29 673.47 -937661.74
-673.47 673.47 -911836.97
-632.65 673.47 -882679.65
-591.84 673.47 -850198.16
-551.02 673.47 -814376.57
-510.2 673.47 -775222.43
-469.39 673.47 -732746.57
-428.57 673.47 -686928.16
-387.76 673.47 -637789.65
-346.94 673.47 -585306.97
-306.12 673.47 -529491.74
-265.31 673.47 -470358.87
-224.49 673.47 -407879.37
-183.67 673.47 -342067.33
-142.86 673.47 -272940.08
-102.04 673.47 -200463.76
-61.22 673.47 -124654.9
-20.41 673.47 -45533.29
20.41 673.47 36939.85
61.22 673.47 122724.1
102.04 673.47 211861.51
142.86 673.47 304331.46
183.67 673.47 400110.08
224.49 673.47 499244.31
265.31 673.47 601711.08
306.12 673.47 707484.07
346.94 673.47 816615.12
387.76 673.47 929078.71
428.57 673.47 1044846.07
469.39 673.47 1163973.93
510.2 673.47 1286403.93
551.02 673.47 1412196.07
591.84 673.47 1541320.75
632.65 673.47 1673745.12
673.47 673.47 1809534.07
714.29 673.47 1948655.57
755.1 673.47 2091074.31
795.92 673.47 2236860.08
836.73 673.47 2385941.46
877.55 673.47 2538391.51
918.37 673.47 2694174.1
959.18 673.47 2853249.85
1000.0 673.47 3015696.71
-1000.0 714.29 -1147869.03
-959.18 714.29 -1140370.8
-918.37 714.29 -1129543.1
-877.55 714.29 -1115380.6
-836.73 714.29 -1097885.55
-795.92 714.29 -1077063.47
-755.1 714.29 -1052904.16
-714.29 714.29 -1025419.44
-673.47 714.29 -994595.85
-632.65 714.29 -960439.71
-591.84 714.29 -922960.63
-551.02 714.29 -882140.22
-510.2 714.29 -837987.26
-469.39 714.29 -790513.81
-428.57 714.29 -739696.58
-387.76 714.29 -685560.48
-346.94 714.29 -628078.98
-306.12 714.29 -567264.94
-265.31 714.29 -503134.47
-224.49 714.29 -435656.16
-183.67 714.29 -364845.29
-142.86 714.29 -290720.46
-102.04 714.29 -213245.32
-61.22 714.29 -132437.64
-20.41 714.29 -48318.44
20.41 714.29 39153.51
61.22 714.29 129935.36
102.04 714.29 224071.59
142.86 714.29 321540.36
183.67 714.29 422316.57
224.49 714.29 526449.62
265.31 714.29 633915.21
306.12 714.29 744685.79
346.94 714.29 858815.65
387.76 714.29 976278.06
428.57 714.29 1097043.01
469.39 714.29 1221169.69
510.2 714.29 1348597.28
551.02 714.29 1479388.24
591.84 714.29 1613511.74
632.65 714.29 1750933.7
673.47 714.29 1891721.47
714.29 714.29 2035841.79
755.1 714.29 2183258.12
795.92 714.29 2334042.71
836.73 714.29 2488121.68
877.55 714.29 2645570.54
918.37 714.29 2806351.95
959.18 714.29 2970425.29
1000.0 714.29 3137870.97
-1000.0 755.1 -1270584.7
-959.18 755.1 -1258088.88
-918.37 755.1 -1242264.8
-877.55 755.1 -1223104.71
-836.73 755.1 -1200612.08
-795.92 755.1 -1174793.63
-755.1 755.1 -1145636.72
-714.29 755.1 -1113155.63
-673.47 755.1 -1077334.45
-632.65 755.1 -1038180.72
-591.84 755.1 -995705.27
-551.02 755.1 -949887.27
-510.2 755.1 -900736.72
-469.39 755.1 -848266.89
-428.57 755.1 -792452.08
-387.76 755.1 -733319.61
-346.94 755.1 -670840.52
-306.12 755.1 -605028.88
-265.31 755.1 -535902.05
-224.49 755.1 -463426.14
-183.67 755.1 -387617.68
-142.86 755.1 -308496.48
-102.04 755.1 -226023.75
-61.22 755.1 -140218.48
-20.41 755.1 -51102.9
20.41 755.1 41366.64
61.22 755.1 137144.85
102.04 755.1 236278.67
142.86 755.1 338745.04
183.67 755.1 444517.62
224.49 755.1 553648.26
265.31 755.1 666111.44
306.12 755.1 781878.39
346.94 755.1 901005.85
387.76 755.1 1023465.85
428.57 755.1 1149227.17
469.39 755.1 1278351.44
510.2 755.1 1410775.4
551.02 755.1 1546563.95
591.84 755.1 1685685.04
632.65 755.1 1828103.37
673.47 755.1 1973888.73
714.29 755.1 2123006.64
755.1 755.1 2275419.34
795.92 755.1 2431201.52
836.73 755.1 2590276.86
877.55 755.1 2752723.32
918.37 755.1 2918502.32
959.18 755.1 3087572.03
1000.0 755.1 3260015.3
-1000.0 795.92 -1393330.44
-959.18 795.92 -1375835.8
-918.37 795.92 -1355014.13
-877.55 795.92 -1330855.23
-836.73 795.92 -1303363.77
-795.92 795.92 -1272547.73
-755.1 795.92 -1238392.01
-714.29 795.92 -1200913.33
-673.47 795.92 -1160093.33
-632.65 795.92 -1115940.78
-591.84 795.92 -1068467.73
-551.02 795.92 -1017650.91
-510.2 795.92 -963501.55
-469.39 795.92 -906034.13
-428.57 795.92 -845220.5
-387.76 795.92 -781090.44
-346.94 795.92 -713612.53
-306.12 795.92 -642802.08
-265.31 795.92 -568677.65
-224.49 795.92 -491202.92
-183.67 795.92 -410395.65
-142.86 795.92 -326276.85
-102.04 795.92 -238805.31
-61.22 795.92 -148001.22
-20.41 795.92 -53888.05
20.41 795.92 43580.31
61.22 795.92 144356.12
102.04 795.92 248488.75
142.86 795.92 355953.93
183.67 795.92 466724.11
224.49 795.92 580853.56
265.31 795.92 698315.56
306.12 795.92 819080.11
346.94 795.92 943206.38
387.76 795.92 1070665.2
428.57 795.92 1201424.11
469.39 795.92 1335547.2
510.2 795.92 1472968.75
551.02 795.92 1613756.12
591.84 795.92 1757876.02
632.65 795.92 1905291.95
673.47 795.92 2056076.13
714.29 795.92 2210192.85
755.1 795.92 2367603.15
795.92 795.92 2528384.15
836.73 795.92 2692457.08
877.55 795.92 2859902.35
918.37 795.92 3030680.17
959.18 795.92 3204747.47
1000.0 795.92 3382189.56
-1000.0 836.73 -1516046.11
-959.18 836.73 -1493553.88
-918.37 836.73 -1467735.84
-877.55 836.73 -1438579.34
-836.73 836.73 -1406090.3
-795.92 836.73 -1370277.89
-755.1 836.73 -1331124.57
-714.29 836.73 -1288649.52
-673.47 836.73 -1242831.93
-632.65 836.73 -1193681.79
-591.84 836.73 -1141212.37
-551.02 836.73 -1085397.96
-510.2 836.73 -1026251.01
-469.39 836.73 -963787.22
-428.57 836.73 -897975.99
-387.76 836.73 -828849.57
-346.94 836.73 -756374.06
-306.12 836.73 -680566.02
-265.31 836.73 -601445.22
-224.49 836.73 -518972.9
-183.67 836.73 -433168.04
-142.86 836.73 -344052.87
-102.04 836.73 -251583.74
-61.22 836.73 -155782.05
-20.41 836.73 -56672.52
20.41 836.73 45793.44
61.22 836.73 151565.61
102.04 836.73 260695.84
142.86 836.73 373158.61
183.67 836.73 488925.16
224.49 836.73 608052.2
265.31 836.73 730511.8
306.12 836.73 856272.71
346.94 836.73 985396.57
387.76 836.73 1117852.98
428.57 836.73 1253608.26
469.39 836.73 1392728.95
510.2 836.73 1535146.87
551.02 836.73 1680931.82
591.84 836.73 1830049.33
632.65 836.73 1982461.62
673.47 836.73 2138243.39
714.29 836.73 2297357.71
755.1 836.73 2459764.37
795.92 836.73 2625542.96
836.73 836.73 2794612.26
877.55 836.73 2967055.13
918.37 836.73 3142830.54
959.18 836.73 3321894.21
1000.0 836.73 3504333.89
-1000.0 877.55 -1638791.85
-959.18 877.55 -1611300.8
-918.37 877.55 -1580485.17
-877.55 877.55 -1546329.85
-836.73 877.55 -1508841.99
-795.92 877.55 -1468031.99
-755.1 877.55 -1423879.86
-714.29 877.55 -1376407.21
-673.47 877.55 -1325590.8
-632.65 877.55 -1271441.85
-591.84 877.55 -1213974.84
-551.02 877.55 -1153161.61
-510.2 877.55 -1089015.84
-469.39 877.55 -1021554.46
-428.57 877.55 -950744.42
-387.76 877.55 -876620.4
-346.94 877.55 -799146.08
-306.12 877.55 -718339.21
-265.31 877.55 -634220.83
-224.49 877.55 -546749.69
-183.67 877.55 -455946.01
-142.86 877.55 -361833.25
-102.04 877.55 -264365.29
-61.22 877.55 -163564.79
-20.41 877.55 -59457.67
20.41 877.55 48007.1
61.22 877.55 158776.87
102.04 877.55 272905.92
142.86 877.55 390367.51
183.67 877.55 511131.64
224.49 877.55 635257.51
265.31 877.55 762715.92
306.12 877.55 893474.42
346.94 877.55 1027597.1
387.76 877.55 1165052.33
428.57 877.55 1305805.21
469.39 877.55 1449924.71
510.2 877.55 1597340.22
551.02 877.55 1748123.99
591.84 877.55 1902240.31
632.65 877.55 2059650.19
673.47 877.55 2220430.79
714.29 877.55 2384543.92
755.1 877.55 2551948.18
795.92 877.55 2722725.58
836.73 877.55 2896792.48
877.55 877.55 3074234.16
918.37 877.55 3255008.39
959.18 877.55 3439069.65
1000.0 877.55 3626508.15
-1000.0 918.37 -1761537.59
-959.18 918.37 -1729047.73
-918.37 918.37 -1693234.5
-877.55 918.37 -1654080.37
-836.73 918.37 -1611593.69
-795.92 918.37 -1565786.09
-755.1 918.37 -1516635.14
-714.29 918.37 -1464164.91
-673.47 918.37 -1408349.68
-632.65 918.37 -1349201.91
-591.84 918.37 -1286737.31
-551.02 918.37 -1220925.26
-510.2 918.37 -1151780.67
-469.39 918.37 -1079321.7
-428.57 918.37 -1003512.84
-387.76 918.37 -924391.23
-346.94 918.37 -841918.09
-306.12 918.37 -756112.41
-265.31 918.37 -666996.43
-224.49 918.37 -574526.47
-183.67 918.37 -478723.97
-142.86 918.37 -379613.63
-102.04 918.37 -277146.85
-61.22 918.37 -171347.54
-20.41 918.37 -62242.82
20.41 918.37 50220.77
61.22 918.37 165988.13
102.04 918.37 285116.0
142.86 918.37 407576.4
183.67 918.37 533338.13
224.49 918.37 662462.81
265.31 918.37 794920.04
306.12 918.37 930676.14
346.94 918.37 1069797.64
387.76 918.37 1212251.68
428.57 918.37 1358002.15
469.39 918.37 1507120.46
510.2 918.37 1659533.57
551.02 918.37 1815316.16
591.84 918.37 1974431.3
632.65 918.37 2136838.77
673.47 918.37 2302618.18
714.29 918.37 2471730.14
755.1 918.37 2644131.98
795.92 918.37 2819908.21
836.73 918.37 2998972.69
877.55 918.37 3181413.19
918.37 918.37 3367186.24
959.18 918.37 3556245.09
1000.0 918.37 3748682.41
-1000.0 959.18 -1884253.26
-959.18 959.18 -1846765.8
-918.37 959.18 -1805956.21
-877.55 959.18 -1761804.48
-836.73 959.18 -1714320.21
-795.92 959.18 -1663516.25
-755.1 959.18 -1609367.7
-714.29 959.18 -1551901.1
-673.47 959.18 -1491088.28
-632.65 959.18 -1426942.92
-591.84 959.18 -1359481.95
-551.02 959.18 -1288672.31
-510.2 959.18 -1214530.13
-469.39 959.18 -1137074.79
-428.57 959.18 -1056268.33
-387.76 959.18 -972150.35
-346.94 959.18 -884679.62
-306.12 959.18 -793876.35
-265.31 959.18 -699764.0
-224.49 959.18 -602296.45
-183.67 959.18 -501496.36
-142.86 959.18 -397389.64
-102.04 959.18 -289925.28
-61.22 959.18 -179128.37
-20.41 959.18 -65027.28
20.41 959.18 52433.9
61.22 959.18 173197.63
102.04 959.18 297323.08
142.86 959.18 424781.08
183.67 959.18 555539.18
224.49 959.18 689661.45
265.31 959.18 827116.27
306.12 959.18 967868.74
346.94 959.18 1111987.83
387.76 959.18 1259439.47
428.57 959.18 1410186.3
469.39 959.18 1564302.21
510.2 959.18 1721711.69
551.02 959.18 1882491.87
591.84 959.18 2046604.6
632.65 959.18 2214008.44
673.47 959.18 2384785.44
714.29 959.18 2558894.99
755.1 959.18 2736293.2
795.92 959.18 2917067.02
836.73 959.18 3101127.88
877.55 959.18 3288565.97
918.37 959.18 3479336.61
959.18 959.18 3673391.83
1000.0 959.18 3870826.74
-1000.0 1000.0 -2006999.0
-959.18 1000.0 -1964512.73
-918.37 1000.0 -1918705.54
-877.55 1000.0 -1869555.0
-836.73 1000.0 -1817071.91
-795.92 1000.0 -1761270.35
-755.1 1000.0 -1702122.99
-714.29 1000.0 -1639658.8
-673.47 1000.0 -1573847.16
-632.65 1000.0 -1504702.98
-591.84 1000.0 -1432244.41
-551.02 1000.0 -1356435.96
-510.2 1000.0 -1277294.96
-469.39 1000.0 -1194842.03
-428.57 1000.0 -1109036.76
-387.76 1000.0 -1019921.18
-346.94 1000.0 -927451.64
-306.12 1000.0 -831649.55
-265.31 1000.0 -732539.6
-224.49 1000.0 -630073.24
-183.67 1000.0 -524274.33
-142.86 1000.0 -415170.02
-102.04 1000.0 -302706.84
-61.22 1000.0 -186911.11
-20.41 1000.0 -67812.43
20.41 1000.0 54647.57
61.22 1000.0 180408.89
102.04 1000.0 309533.16
142.86 1000.0 441989.98
183.67 1000.0 577745.67
224.49 1000.0 716866.76
265.31 1000.0 859320.4
306.12 1000.0 1005070.45
346.94 1000.0 1154188.36
387.76 1000.0 1306638.82
428.57 1000.0 1462383.24
469.39 1000.0 1621497.97
510.2 1000.0 1783905.04
551.02 1000.0 1949684.04
591.84 1000.0 2118795.59
632.65 1000.0 2291197.02
673.47 1000.0 2466972.84
714.29 1000.0 2646081.2
755.1 1000.0 2828477.01
795.92 1000.0 3014249.65
836.73 1000.0 3203308.09
877.55 1000.0 3395745.0
918.37 1000.0 3591514.46
959.18 1000.0 3790567.27
1000.0 1000.0 3993001.0
