2 100 -5 17 2500
0.0 0.0 1.0
2.04 0.0 5.16
4.08 0.0 17.65
6.12 0.0 38.45
8.16 0.0 67.59
10.2 0.0 105.04
12.24 0.0 150.82
14.29 0.0 205.2
16.33 0.0 267.67
18.37 0.0 338.46
20.41 0.0 417.57
22.45 0.0 505.0
24.49 0.0 600.76
26.53 0.0 704.84
28.57 0.0 817.24
30.61 0.0 937.97
32.65 0.0 1067.02
34.69 0.0 1204.4
36.73 0.0 1350.09
38.78 0.0 1504.89
40.82 0.0 1667.27
42.86 0.0 1837.98
44.9 0.0 2017.01
46.94 0.0 2204.36
48.98 0.0 2400.04
51.02 0.0 2604.04
53.06 0.0 2816.36
55.1 0.0 3037.01
57.14 0.0 3265.98
59.18 0.0 3503.27
61.22 0.0 3748.89
63.27 0.0 4004.09
65.31 0.0 4266.4
67.35 0.0 4537.02
69.39 0.0 4815.97
71.43 0.0 5103.24
73.47 0.0 5398.84
75.51 0.0 5702.76
77.55 0.0 6015.0
79.59 0.0 6335.57
81.63 0.0 6664.46
83.67 0.0 7001.67
85.71 0.0 7347.2
87.76 0.0 7702.82
89.8 0.0 8065.04
91.84 0.0 8435.59
93.88 0.0 8814.45
95.92 0.0 9201.65
97.96 0.0 9597.16
100.0 0.0 10001.0
0.0 2.04 -13.28
2.04 2.04 3.37
4.08 2.04 28.34
6.12 2.04 61.63
8.16 2.04 103.24
10.2 2.04 153.18
12.24 2.04 211.45
14.29 2.04 278.38
16.33 2.04 353.33
18.37 2.04 436.6
20.41 2.04 528.2
22.45 2.04 628.12
24.49 2.04 736.36
26.53 2.04 852.92
28.57 2.04 977.81
30.61 2.04 1111.03
32.65 2.04 1252.56
34.69 2.04 1402.42
36.73 2.04 1560.6
38.78 2.04 1727.94
40.82 2.04 1902.81
42.86 2.04 2086.0
44.9 2.04 2277.52
46.94 2.04 2477.36
48.98 2.04 2685.52
51.02 2.04 2902.0
53.06 2.04 3126.81
55.1 2.04 3359.94
57.14 2.04 3601.4
59.18 2.04 3851.17
61.22 2.04 4109.27
63.27 2.04 4377.03
65.31 2.04 4651.81
67.35 2.04 4934.92
69.39 2.04 5226.36
71.43 2.04 5526.12
73.47 2.04 5834.2
75.51 2.04 6150.6
77.55 2.04 6475.33
79.59 2.04 6808.38
81.63 2.04 7149.75
83.67 2.04 7499.45
85.71 2.04 7857.47
87.76 2.04 8225.63
89.8 2.04 8600.34
91.84 2.04 8983.37
93.88 2.04 9374.72
95.92 2.04 9774.4
97.96 2.04 10182.4
100.0 2.04 10598.72
0.0 4.08 -27.56
2.04 4.08 1.57
4.08 4.08 39.03
6.12 4.08 84.8
8.16 4.08 138.9
10.2 4.08 201.33
12.24 4.08 272.08
14.29 4.08 351.55
16.33 4.08 438.99
18.37 4.08 534.75
20.41 4.08 638.83
22.45 4.08 751.23
24.49 4.08 871.96
26.53 4.08 1001.01
28.57 4.08 1138.38
30.61 4.08 1284.08
32.65 4.08 1438.1
34.69 4.08 1600.44
36.73 4.08 1771.11
38.78 4.08 1951.0
40.82 4.08 2138.35
42.86 4.08 2334.03
44.9 4.08 2538.03
46.94 4.08 2750.35
48.98 4.08 2971.0
51.02 4.08 3199.97
53.06 4.08 3437.26
55.1 4.08 3682.87
57.14 4.08 3936.81
59.18 4.08 4199.08
61.22 4.08 4469.66
63.27 4.08 4749.96
65.31 4.08 5037.23
67.35 4.08 5332.83
69.39 4.08 5636.75
71.43 4.08 5948.99
73.47 4.08 6269.55
75.51 4.08 6598.44
77.55 4.08 6935.65
79.59 4.08 7281.19
81.63 4.08 7635.05
83.67 4.08 7997.23
85.71 4.08 8367.73
87.76 4.08 8748.44
89.8 4.08 9135.63
91.84 4.08 9531.15
93.88 4.08 9934.99
95.92 4.08 10347.15
97.96 4.08 10767.63
100.0 4.08 11196.44
0.0 6.12 -41.84
2.04 6.12 -0.22
4.08 6.12 49.72
6.12 6.12 107.98
8.16 6.12 174.56
10.2 6.12 249.47
12.24 6.12 332.7
14.29 6.12 424.73
16.33 6.12 524.65
18.37 6.12 632.89
20.41 6.12 749.46
22.45 6.12 874.34
24.49 6.12 1007.56
26.53 6.12 1149.09
28.57 6.12 1298.95
30.61 6.12 1457.13
32.65 6.12 1623.64
34.69 6.12 1798.46
36.73 6.12 1981.62
38.78 6.12 2174.05
40.82 6.12 2373.89
42.86 6.12 2582.05
44.9 6.12 2798.53
46.94 6.12 3023.34
48.98 6.12 3256.47
51.02 6.12 3497.93
53.06 6.12 3747.71
55.1 6.12 4005.81
57.14 6.12 4272.23
59.18 6.12 4546.98
61.22 6.12 4830.05
63.27 6.12 5122.89
65.31 6.12 5422.65
67.35 6.12 5730.73
69.39 6.12 6047.13
71.43 6.12 6371.86
73.47 6.12 6704.91
75.51 6.12 7046.28
77.55 6.12 7395.98
79.59 6.12 7754.0
81.63 6.12 8120.34
83.67 6.12 8495.01
85.71 6.12 8878.0
87.76 6.12 9271.25
89.8 6.12 9670.93
91.84 6.12 10078.93
93.88 6.12 10495.25
95.92 6.12 10919.9
97.96 6.12 11352.87
100.0 6.12 11794.16
0.0 8.16 -56.12
2.04 8.16 -2.02
4.08 8.16 60.4
6.12 8.16 131.15
8.16 8.16 210.22
10.2 8.16 297.62
12.24 8.16 393.33
14.29 8.16 497.9
16.33 8.16 610.31
18.37 8.16 731.03
20.41 8.16 860.08
22.45 8.16 997.46
24.49 8.16 1143.16
26.53 8.16 1297.18
28.57 8.16 1459.52
30.61 8.16 1630.18
32.65 8.16 1809.17
34.69 8.16 1996.49
36.73 8.16 2192.12
38.78 8.16 2397.1
40.82 8.16 2609.43
42.86 8.16 2830.07
44.9 8.16 3059.04
46.94 8.16 3296.33
48.98 8.16 3541.95
51.02 8.16 3795.89
53.06 8.16 4058.15
55.1 8.16 4328.74
57.14 8.16 4607.65
59.18 8.16 4894.88
61.22 8.16 5190.43
63.27 8.16 5495.82
65.31 8.16 5808.06
67.35 8.16 6128.63
69.39 8.16 6457.52
71.43 8.16 6794.73
73.47 8.16 7140.27
75.51 8.16 7494.12
77.55 8.16 7856.31
79.59 8.16 8226.81
81.63 8.16 8605.64
83.67 8.16 8992.79
85.71 8.16 9388.26
87.76 8.16 9794.06
89.8 8.16 10206.22
91.84 8.16 10626.71
93.88 8.16 11055.52
95.92 8.16 11492.65
97.96 8.16 11938.1
100.0 8.16 12391.88
0.0 10.2 -70.4
2.04 10.2 -3.81
4.08 10.2 71.09
6.12 10.2 154.33
8.16 10.2 245.88
10.2 10.2 345.76
12.24 10.2 453.96
14.29 10.2 571.08
16.33 10.2 695.97
18.37 10.2 829.18
20.41 10.2 970.71
22.45 10.2 1120.57
24.49 10.2 1278.75
26.53 10.2 1445.26
28.57 10.2 1620.09
30.61 10.2 1803.24
32.65 10.2 1994.71
34.69 10.2 2194.51
36.73 10.2 2402.63
38.78 10.2 2620.16
40.82 10.2 2844.96
42.86 10.2 3078.1
44.9 10.2 3319.55
46.94 10.2 3569.33
48.98 10.2 3827.43
51.02 10.2 4093.85
53.06 10.2 4368.6
55.1 10.2 4651.67
57.14 10.2 4943.06
59.18 10.2 5242.78
61.22 10.2 5550.82
63.27 10.2 5868.75
65.31 10.2 6193.48
67.35 10.2 6526.53
69.39 10.2 6867.91
71.43 10.2 7217.6
73.47 10.2 7575.62
75.51 10.2 7941.97
77.55 10.2 8316.63
79.59 10.2 8699.62
81.63 10.2 9090.93
83.67 10.2 9490.57
85.71 10.2 9898.53
87.76 10.2 10316.87
89.8 10.2 10741.52
91.84 10.2 11174.49
93.88 10.2 11615.78
95.92 10.2 12065.4
97.96 10.2 12523.34
100.0 10.2 12989.6
0.0 12.24 -84.68
2.04 12.24 -5.61
4.08 12.24 81.78
6.12 12.24 177.5
8.16 12.24 281.54
10.2 12.24 393.9
12.24 12.24 514.59
14.29 12.24 644.25
16.33 12.24 781.63
18.37 12.24 927.32
20.41 12.24 1081.34
22.45 12.24 1243.69
24.49 12.24 1414.35
26.53 12.24 1593.34
28.57 12.24 1780.66
30.61 12.24 1976.29
32.65 12.24 2180.25
34.69 12.24 2392.53
36.73 12.24 2613.14
38.78 12.24 2843.21
40.82 12.24 3080.5
42.86 12.24 3326.12
44.9 12.24 3580.06
46.94 12.24 3842.32
48.98 12.24 4112.91
51.02 12.24 4391.81
53.06 12.24 4679.05
55.1 12.24 4974.6
57.14 12.24 5278.48
59.18 12.24 5590.68
61.22 12.24 5911.21
63.27 12.24 6241.69
65.31 12.24 6578.9
67.35 12.24 6924.43
69.39 12.24 7278.29
71.43 12.24 7640.47
73.47 12.24 8010.98
75.51 12.24 8389.81
77.55 12.24 8776.96
79.59 12.24 9172.43
81.63 12.24 9576.23
83.67 12.24 9988.35
85.71 12.24 10408.8
87.76 12.24 10839.68
89.8 12.24 11276.82
91.84 12.24 11722.27
93.88 12.24 12176.05
95.92 12.24 12638.15
97.96 12.24 13108.57
100.0 12.24 13587.32
0.0 14.29 -99.03
2.04 14.29 -7.41
4.08 14.29 92.53
6.12 14.29 200.79
8.16 14.29 317.37
10.2 14.29 442.28
12.24 14.29 575.52
14.29 14.29 717.79
16.33 14.29 867.71
18.37 14.29 1025.95
20.41 14.29 1192.51
22.45 14.29 1367.4
24.49 14.29 1550.62
26.53 14.29 1742.15
28.57 14.29 1942.01
30.61 14.29 2150.19
32.65 14.29 2366.7
34.69 14.29 2591.53
36.73 14.29 2824.68
38.78 14.29 3067.36
40.82 14.29 3317.2
42.86 14.29 3575.36
44.9 14.29 3841.84
46.94 14.29 4116.65
48.98 14.29 4399.78
51.02 14.29 4691.24
53.06 14.29 4991.02
55.1 14.29 5299.12
57.14 14.29 5615.54
59.18 14.29 5940.29
61.22 14.29 6273.36
63.27 14.29 6616.45
65.31 14.29 6966.21
67.35 14.29 7324.29
69.39 14.29 7690.69
71.43 14.29 8065.42
73.47 14.29 8448.47
75.51 14.29 8839.84
77.55 14.29 9239.54
79.59 14.29 9647.56
81.63 14.29 10063.9
83.67 14.29 10488.57
85.71 14.29 10921.56
87.76 14.29 11365.06
89.8 14.29 11814.74
91.84 14.29 12272.74
93.88 14.29 12739.06
95.92 14.29 13213.71
97.96 14.29 13696.68
100.0 14.29 14187.97
0.0 16.33 -113.31
2.04 16.33 -9.21
4.08 16.33 103.22
6.12 16.33 223.96
8.16 16.33 353.03
10.2 16.33 490.43
12.24 16.33 636.15
14.29 16.33 790.96
16.33 16.33 953.37
18.37 16.33 1124.09
20.41 16.33 1303.14
22.45 16.33 1490.52
24.49 16.33 1686.22
26.53 16.33 1890.24
28.57 16.33 2102.58
30.61 16.33 2323.25
32.65 16.33 2552.24
34.69 16.33 2789.55
36.73 16.33 3035.19
38.78 16.33 3290.41
40.82 16.33 3552.73
42.86 16.33 3823.38
44.9 16.33 4102.35
46.94 16.33 4389.64
48.98 16.33 4685.26
51.02 16.33 4989.2
53.06 16.33 5301.46
55.1 16.33 5622.05
57.14 16.33 5950.96
59.18 16.33 6288.19
61.22 16.33 6633.75
63.27 16.33 6989.38
65.31 16.33 7351.62
67.35 16.33 7722.19
69.39 16.33 8101.08
71.43 16.33 8488.29
73.47 16.33 8883.83
75.51 16.33 9287.69
77.55 16.33 9699.87
79.59 16.33 10120.37
81.63 16.33 10549.2
83.67 16.33 10986.35
85.71 16.33 11431.83
87.76 16.33 11887.87
89.8 16.33 12350.03
91.84 16.33 12820.52
93.88 16.33 13299.33
95.92 16.33 13786.46
97.96 16.33 14281.91
100.0 16.33 14785.69
0.0 18.37 -127.59
2.04 18.37 -11.0
4.08 18.37 113.91
6.12 18.37 247.14
8.16 18.37 388.69
10.2 18.37 538.57
12.24 18.37 696.77
14.29 18.37 864.14
16.33 18.37 1039.03
18.37 18.37 1222.24
20.41 18.37 1413.77
22.45 18.37 1613.63
24.49 18.37 1821.81
26.53 18.37 2038.32
28.57 18.37 2263.15
30.61 18.37 2496.3
32.65 18.37 2737.77
34.69 18.37 2987.57
36.73 18.37 3245.69
38.78 18.37 3513.46
40.82 18.37 3788.27
42.86 18.37 4071.4
44.9 18.37 4362.86
46.94 18.37 4662.64
48.98 18.37 4970.74
51.02 18.37 5287.16
53.06 18.37 5611.91
55.1 18.37 5944.98
57.14 18.37 6286.38
59.18 18.37 6636.09
61.22 18.37 6994.13
63.27 18.37 7362.31
65.31 18.37 7737.04
67.35 18.37 8120.09
69.39 18.37 8511.46
71.43 18.37 8911.16
73.47 18.37 9319.18
75.51 18.37 9735.53
77.55 18.37 10160.19
79.59 18.37 10593.18
81.63 18.37 11034.5
83.67 18.37 11484.13
85.71 18.37 11942.09
87.76 18.37 12410.68
89.8 18.37 12885.33
91.84 18.37 13368.3
93.88 18.37 13859.59
95.92 18.37 14359.21
97.96 18.37 14867.15
100.0 18.37 15383.41
0.0 20.41 -141.87
2.04 20.41 -12.8
4.08 20.41 124.59
6.12 20.41 270.31
8.16 20.41 424.35
10.2 20.41 586.72
12.24 20.41 757.4
14.29 20.41 937.31
16.33 20.41 1124.68
18.37 20.41 1320.38
20.41 20.41 1524.4
22.45 20.41 1736.75
24.49 20.41 1957.41
26.53 20.41 2186.4
28.57 20.41 2423.72
30.61 20.41 2669.35
32.65 20.41 2923.31
34.69 20.41 3185.59
36.73 20.41 3456.2
38.78 20.41 3736.52
40.82 20.41 4023.81
42.86 20.41 4319.43
44.9 20.41 4623.37
46.94 20.41 4935.63
48.98 20.41 5256.22
51.02 20.41 5585.13
53.06 20.41 5922.36
55.1 20.41 6267.91
57.14 20.41 6621.79
59.18 20.41 6983.99
61.22 20.41 7354.52
63.27 20.41 7735.25
65.31 20.41 8122.46
67.35 20.41 8517.99
69.39 20.41 8921.85
71.43 20.41 9334.03
73.47 20.41 9754.54
75.51 20.41 10183.37
77.55 20.41 10620.52
79.59 20.41 11065.99
81.63 20.41 11519.79
83.67 20.41 11981.91
85.71 20.41 12452.36
87.76 20.41 12933.49
89.8 20.41 13420.62
91.84 20.41 13916.08
93.88 20.41 14419.86
95.92 20.41 14931.96
97.96 20.41 15452.38
100.0 20.41 15981.13
0.0 22.45 -156.15
2.04 22.45 -14.59
4.08 22.45 135.28
6.12 22.45 293.49
8.16 22.45 460.01
10.2 22.45 634.86
12.24 22.45 818.03
14.29 22.45 1010.49
16.33 22.45 1210.34
18.37 22.45 1418.53
20.41 22.45 1635.03
22.45 22.45 1859.86
24.49 22.45 2093.01
26.53 22.45 2334.49
28.57 22.45 2584.28
30.61 22.45 2842.41
32.65 22.45 3108.85
34.69 22.45 3383.62
36.73 22.45 3666.71
38.78 22.45 3959.57
40.82 22.45 4259.35
42.86 22.45 4567.45
44.9 22.45 4883.88
46.94 22.45 5208.62
48.98 22.45 5541.69
51.02 22.45 5883.09
53.06 22.45 6232.8
55.1 22.45 6590.85
57.14 22.45 6957.21
59.18 22.45 7331.9
61.22 22.45 7714.91
63.27 22.45 8108.18
65.31 22.45 8507.87
67.35 22.45 8915.89
69.39 22.45 9332.24
71.43 22.45 9756.91
73.47 22.45 10189.9
75.51 22.45 10631.21
77.55 22.45 11080.84
79.59 22.45 11538.8
81.63 22.45 12005.09
83.67 22.45 12479.69
85.71 22.45 12962.62
87.76 22.45 13456.3
89.8 22.45 13955.92
91.84 22.45 14463.86
93.88 22.45 14980.12
95.92 22.45 15504.71
97.96 22.45 16037.62
100.0 22.45 16578.85
0.0 24.49 -170.43
2.04 24.49 -16.39
4.08 24.49 145.97
6.12 24.49 316.66
8.16 24.49 495.67
10.2 24.49 683.0
12.24 24.49 878.66
14.29 24.49 1083.66
16.33 24.49 1296.0
18.37 24.49 1516.67
20.41 24.49 1745.66
22.45 24.49 1982.97
24.49 24.49 2228.61
26.53 24.49 2482.57
28.57 24.49 2744.85
30.61 24.49 3015.46
32.65 24.49 3294.39
34.69 24.49 3581.64
36.73 24.49 3877.22
38.78 24.49 4182.62
40.82 24.49 4494.89
42.86 24.49 4815.47
44.9 24.49 5144.38
46.94 24.49 5481.62
48.98 24.49 5827.17
51.02 24.49 6181.05
53.06 24.49 6543.25
55.1 24.49 6913.78
57.14 24.49 7292.63
59.18 24.49 7679.8
61.22 24.49 8075.29
63.27 24.49 8481.11
65.31 24.49 8893.29
67.35 24.49 9313.8
69.39 24.49 9742.63
71.43 24.49 10179.78
73.47 24.49 10625.25
75.51 24.49 11079.05
77.55 24.49 11541.17
79.59 24.49 12011.62
81.63 24.49 12490.38
83.67 24.49 12977.47
85.71 24.49 13472.89
87.76 24.49 13979.11
89.8 24.49 14491.22
91.84 24.49 15011.64
93.88 24.49 15540.39
95.92 24.49 16077.46
97.96 24.49 16622.85
100.0 24.49 17176.57
0.0 26.53 -184.71
2.04 26.53 -18.18
4.08 26.53 156.66
6.12 26.53 339.84
8.16 26.53 531.33
10.2 26.53 731.15
12.24 26.53 939.29
14.29 26.53 1156.84
16.33 26.53 1381.66
18.37 26.53 1614.82
20.41 26.53 1856.29
22.45 26.53 2106.09
24.49 26.53 2364.21
26.53 26.53 2630.65
28.57 26.53 2905.42
30.61 26.53 3188.51
32.65 26.53 3479.93
34.69 26.53 3779.66
36.73 26.53 4087.72
38.78 26.53 4405.68
40.82 26.53 4730.43
42.86 26.53 5063.5
44.9 26.53 5404.89
46.94 26.53 5754.61
48.98 26.53 6112.65
51.02 26.53 6479.01
53.06 26.53 6853.7
55.1 26.53 7236.71
57.14 26.53 7628.04
59.18 26.53 8027.7
61.22 26.53 8435.68
63.27 26.53 8854.04
65.31 26.53 9278.71
67.35 26.53 9711.7
69.39 26.53 10153.01
71.43 26.53 10602.65
73.47 26.53 11060.61
75.51 26.53 11526.89
77.55 26.53 12001.5
79.59 26.53 12484.43
81.63 26.53 12975.68
83.67 26.53 13475.25
85.71 26.53 13983.15
87.76 26.53 14501.93
89.8 26.53 15026.51
91.84 26.53 15559.42
93.88 26.53 16100.65
95.92 26.53 16650.21
97.96 26.53 17208.09
100.0 26.53 17774.29
0.0 28.57 -198.99
2.04 28.57 -19.98
4.08 28.57 167.35
6.12 28.57 363.01
8.16 28.57 566.99
10.2 28.57 779.29
12.24 28.57 999.92
14.29 28.57 1230.01
16.33 28.57 1467.32
18.37 28.57 1712.96
20.41 28.57 1966.92
22.45 28.57 2229.2
24.49 28.57 2499.81
26.53 28.57 2778.74
28.57 28.57 3065.99
30.61 28.57 3361.57
32.65 28.57 3665.46
34.69 28.57 3977.69
36.73 28.57 4298.23
38.78 28.57 4628.73
40.82 28.57 4965.96
42.86 28.57 5311.52
44.9 28.57 5665.4
46.94 28.57 6027.6
48.98 28.57 6398.13
51.02 28.57 6776.97
53.06 28.57 7164.15
55.1 28.57 7559.64
57.14 28.57 7963.46
59.18 28.57 8375.6
61.22 28.57 8796.06
63.27 28.57 9226.97
65.31 28.57 9664.13
67.35 28.57 10109.6
69.39 28.57 10563.4
71.43 28.57 11025.52
73.47 28.57 11495.96
75.51 28.57 11974.73
77.55 28.57 12461.82
79.59 28.57 12957.24
81.63 28.57 13460.97
83.67 28.57 13973.03
85.71 28.57 14493.42
87.76 28.57 15024.74
89.8 28.57 15561.81
91.84 28.57 16107.2
93.88 28.57 16660.92
95.92 28.57 17222.96
97.96 28.57 17793.32
100.0 28.57 18372.01
0.0 30.61 -213.27
2.04 30.61 -21.78
4.08 30.61 178.04
6.12 30.61 386.18
8.16 30.61 602.65
10.2 30.61 827.44
12.24 30.61 1060.55
14.29 30.61 1303.18
16.33 30.61 1552.98
18.37 30.61 1811.1
20.41 30.61 2077.55
22.45 30.61 2352.32
24.49 30.61 2635.41
26.53 30.61 2926.82
28.57 30.61 3226.56
30.61 30.61 3534.62
32.65 30.61 3851.0
34.69 30.61 4175.71
36.73 30.61 4508.74
38.78 30.61 4851.79
40.82 30.61 5201.5
42.86 30.61 5559.54
44.9 30.61 5925.91
46.94 30.61 6300.59
48.98 30.61 6683.6
51.02 30.61 7074.94
53.06 30.61 7474.59
55.1 30.61 7882.57
57.14 30.61 8298.88
59.18 30.61 8723.5
61.22 30.61 9156.45
63.27 30.61 9599.91
65.31 30.61 10049.54
67.35 30.61 10507.5
69.39 30.61 10973.79
71.43 30.61 11448.39
73.47 30.61 11931.32
75.51 30.61 12422.57
77.55 30.61 12922.15
79.59 30.61 13430.05
81.63 30.61 13946.27
83.67 30.61 14470.81
85.71 30.61 15003.68
87.76 30.61 15547.55
89.8 30.61 16097.1
91.84 30.61 16654.98
93.88 30.61 17221.18
95.92 30.61 17795.71
97.96 30.61 18378.56
100.0 30.61 18969.73
0.0 32.65 -227.55
2.04 32.65 -23.57
4.08 32.65 188.73
6.12 32.65 409.36
8.16 32.65 638.31
10.2 32.65 875.58
12.24 32.65 1121.18
14.29 32.65 1376.36
16.33 32.65 1638.64
18.37 32.65 1909.25
20.41 32.65 2188.18
22.45 32.65 2475.43
24.49 32.65 2771.01
26.53 32.65 3074.9
28.57 32.65 3387.13
30.61 32.65 3707.67
32.65 32.65 4036.54
34.69 32.65 4373.73
36.73 32.65 4719.25
38.78 32.65 5074.84
40.82 32.65 5437.04
42.86 32.65 5807.57
44.9 32.65 6186.41
46.94 32.65 6573.59
48.98 32.65 6969.08
51.02 32.65 7372.9
53.06 32.65 7785.04
55.1 32.65 8205.51
57.14 32.65 8634.29
59.18 32.65 9071.4
61.22 32.65 9516.84
63.27 32.65 9972.84
65.31 32.65 10434.96
67.35 32.65 10905.4
69.39 32.65 11384.17
71.43 32.65 11871.26
73.47 32.65 12366.68
75.51 32.65 12870.41
77.55 32.65 13382.47
79.59 32.65 13902.86
81.63 32.65 14431.57
83.67 32.65 14968.6
85.71 32.65 15513.95
87.76 32.65 16070.36
89.8 32.65 16632.4
91.84 32.65 17202.76
93.88 32.65 17781.45
95.92 32.65 18368.46
97.96 32.65 18963.79
100.0 32.65 19567.45
0.0 34.69 -241.83
2.04 34.69 -25.37
4.08 34.69 199.42
6.12 34.69 432.53
8.16 34.69 673.97
10.2 34.69 923.72
12.24 34.69 1181.8
14.29 34.69 1449.53
16.33 34.69 1724.3
18.37 34.69 2007.39
20.41 34.69 2298.81
22.45 34.69 2598.54
24.49 34.69 2906.6
26.53 34.69 3222.99
28.57 34.69 3547.69
30.61 34.69 3880.72
32.65 34.69 4222.08
34.69 34.69 4571.75
36.73 34.69 4929.75
38.78 34.69 5297.89
40.82 34.69 5672.58
42.86 34.69 6055.59
44.9 34.69 6446.92
46.94 34.69 6846.58
48.98 34.69 7254.56
51.02 34.69 7670.86
53.06 34.69 8095.49
55.1 34.69 8528.44
57.14 34.69 8969.71
59.18 34.69 9419.3
61.22 34.69 9877.22
63.27 34.69 10345.77
65.31 34.69 10820.38
67.35 34.69 11303.31
69.39 34.69 11794.56
71.43 34.69 12294.14
73.47 34.69 12802.03
75.51 34.69 13318.26
77.55 34.69 13842.8
79.59 34.69 14375.67
81.63 34.69 14916.86
83.67 34.69 15466.38
85.71 34.69 16024.21
87.76 34.69 16593.17
89.8 34.69 17167.7
91.84 34.69 17750.54
93.88 34.69 18341.72
95.92 34.69 18941.21
97.96 34.69 19549.03
100.0 34.69 20165.17
0.0 36.73 -256.11
2.04 36.73 -27.16
4.08 36.73 210.11
6.12 36.73 455.71
8.16 36.73 709.63
10.2 36.73 971.87
12.24 36.73 1242.43
14.29 36.73 1522.71
16.33 36.73 1809.96
18.37 36.73 2105.54
20.41 36.73 2409.44
22.45 36.73 2721.66
24.49 36.73 3042.2
26.53 36.73 3371.07
28.57 36.73 3708.26
30.61 36.73 4053.78
32.65 36.73 4407.62
34.69 36.73 4769.78
36.73 36.73 5140.26
38.78 36.73 5520.95
40.82 36.73 5908.12
42.86 36.73 6303.61
44.9 36.73 6707.43
46.94 36.73 7119.57
48.98 36.73 7540.04
51.02 36.73 7968.82
53.06 36.73 8405.94
55.1 36.73 8851.37
57.14 36.73 9305.13
59.18 36.73 9767.21
61.22 36.73 10237.61
63.27 36.73 10718.7
65.31 36.73 11205.79
67.35 36.73 11701.21
69.39 36.73 12204.95
71.43 36.73 12717.01
73.47 36.73 13237.39
75.51 36.73 13766.1
77.55 36.73 14303.13
79.59 36.73 14848.48
81.63 36.73 15402.16
83.67 36.73 15964.16
85.71 36.73 16534.48
87.76 36.73 17115.98
89.8 36.73 17702.99
91.84 36.73 18298.33
93.88 36.73 18901.98
95.92 36.73 19513.96
97.96 36.73 20134.26
100.0 36.73 20762.89
0.0 38.78 -270.46
2.04 38.78 -28.96
4.08 38.78 220.85
6.12 38.78 479.0
8.16 38.78 745.46
10.2 38.78 1020.25
12.24 38.78 1303.36
14.29 38.78 1596.24
16.33 38.78 1896.04
18.37 38.78 2204.16
20.41 38.78 2520.61
22.45 38.78 2845.38
24.49 38.78 3178.47
26.53 38.78 3519.88
28.57 38.78 3869.62
30.61 38.78 4227.68
32.65 38.78 4594.06
34.69 38.78 4968.77
36.73 38.78 5351.8
38.78 38.78 5745.09
40.82 38.78 6144.81
42.86 38.78 6552.85
44.9 38.78 6969.22
46.94 38.78 7393.9
48.98 38.78 7826.91
51.02 38.78 8268.25
53.06 38.78 8717.9
55.1 38.78 9175.88
57.14 38.78 9642.19
59.18 38.78 10116.81
61.22 38.78 10599.76
63.27 38.78 11093.46
65.31 38.78 11593.1
67.35 38.78 12101.06
69.39 38.78 12617.34
71.43 38.78 13141.95
73.47 38.78 13674.88
75.51 38.78 14216.13
77.55 38.78 14765.71
79.59 38.78 15323.61
81.63 38.78 15889.83
83.67 38.78 16464.38
85.71 38.78 17047.25
87.76 38.78 17641.36
89.8 38.78 18240.91
91.84 38.78 18848.79
93.88 38.78 19464.99
95.92 38.78 20089.52
97.96 38.78 20722.37
100.0 38.78 21363.54
0.0 40.82 -284.74
2.04 40.82 -30.76
4.08 40.82 231.54
6.12 40.82 502.17
8.16 40.82 781.12
10.2 40.82 1068.39
12.24 40.82 1363.99
14.29 40.82 1669.42
16.33 40.82 1981.7
18.37 40.82 2302.31
20.41 40.82 2631.24
22.45 40.82 2968.49
24.49 40.82 3314.07
26.53 40.82 3667.96
28.57 40.82 4030.19
30.61 40.82 4400.73
32.65 40.82 4779.6
34.69 40.82 5166.79
36.73 40.82 5562.31
38.78 40.82 5968.15
40.82 40.82 6380.35
42.86 40.82 6800.88
44.9 40.82 7229.72
46.94 40.82 7666.9
48.98 40.82 8112.39
51.02 40.82 8566.21
53.06 40.82 9028.35
55.1 40.82 9498.82
57.14 40.82 9977.6
59.18 40.82 10464.72
61.22 40.82 10960.15
63.27 40.82 11466.4
65.31 40.82 11978.52
67.35 40.82 12498.96
69.39 40.82 13027.73
71.43 40.82 13564.82
73.47 40.82 14110.24
75.51 40.82 14663.97
77.55 40.82 15226.04
79.59 40.82 15796.42
81.63 40.82 16375.13
83.67 40.82 16962.16
85.71 40.82 17557.51
87.76 40.82 18164.17
89.8 40.82 18776.21
91.84 40.82 19396.57
93.88 40.82 20025.26
95.92 40.82 20662.27
97.96 40.82 21307.6
100.0 40.82 21961.26
0.0 42.86 -299.02
2.04 42.86 -32.56
4.08 42.86 242.23
6.12 42.86 525.34
8.16 42.86 816.78
10.2 42.86 1116.54
12.24 42.86 1424.62
14.29 42.86 1742.59
16.33 42.86 2067.36
18.37 42.86 2400.45
20.41 42.86 2741.87
22.45 42.86 3091.6
24.49 42.86 3449.66
26.53 42.86 3816.05
28.57 42.86 4190.76
30.61 42.86 4573.79
32.65 42.86 4965.14
34.69 42.86 5364.82
36.73 42.86 5772.82
38.78 42.86 6191.2
40.82 42.86 6615.89
42.86 42.86 7048.9
44.9 42.86 7490.23
46.94 42.86 7939.89
48.98 42.86 8397.87
51.02 42.86 8864.17
53.06 42.86 9338.8
55.1 42.86 9821.75
57.14 42.86 10313.02
59.18 42.86 10812.62
61.22 42.86 11320.54
63.27 42.86 11839.33
65.31 42.86 12363.94
67.35 42.86 12896.87
69.39 42.86 13438.12
71.43 42.86 13987.69
73.47 42.86 14545.59
75.51 42.86 15111.82
77.55 42.86 15686.36
79.59 42.86 16269.23
81.63 42.86 16860.42
83.67 42.86 17459.94
85.71 42.86 18067.78
87.76 42.86 18686.98
89.8 42.86 19311.5
91.84 42.86 19944.35
93.88 42.86 20585.52
95.92 42.86 21235.02
97.96 42.86 21892.84
100.0 42.86 22558.98
0.0 44.9 -313.3
2.04 44.9 -34.35
4.08 44.9 252.92
6.12 44.9 548.52
8.16 44.9 852.44
10.2 44.9 1164.68
12.24 44.9 1485.25
14.29 44.9 1815.77
16.33 44.9 2153.02
18.37 44.9 2498.6
20.41 44.9 2852.5
22.45 44.9 3214.72
24.49 44.9 3585.26
26.53 44.9 3964.13
28.57 44.9 4351.32
30.61 44.9 4746.84
32.65 44.9 5150.68
34.69 44.9 5562.84
36.73 44.9 5983.32
38.78 44.9 6414.25
40.82 44.9 6851.43
42.86 44.9 7296.92
44.9 44.9 7750.74
46.94 44.9 8212.88
48.98 44.9 8683.35
51.02 44.9 9162.13
53.06 44.9 9649.25
55.1 44.9 10144.68
57.14 44.9 10648.44
59.18 44.9 11160.52
61.22 44.9 11680.92
63.27 44.9 12212.26
65.31 44.9 12749.35
67.35 44.9 13294.77
69.39 44.9 13848.51
71.43 44.9 14410.57
73.47 44.9 14980.95
75.51 44.9 15559.66
77.55 44.9 16146.69
79.59 44.9 16742.04
81.63 44.9 17345.72
83.67 44.9 17957.72
85.71 44.9 18578.04
87.76 44.9 19209.79
89.8 44.9 19846.8
91.84 44.9 20492.13
93.88 44.9 21145.79
95.92 44.9 21807.77
97.96 44.9 22478.07
100.0 44.9 23156.7
0.0 46.94 -327.58
2.04 46.94 -36.15
4.08 46.94 263.61
6.12 46.94 571.69
8.16 46.94 888.1
10.2 46.94 1212.82
12.24 46.94 1545.87
14.29 46.94 1888.94
16.33 46.94 2238.68
18.37 46.94 2596.74
20.41 46.94 2963.12
22.45 46.94 3337.83
24.49 46.94 3720.86
26.53 46.94 4112.22
28.57 46.94 4511.89
30.61 46.94 4919.89
32.65 46.94 5336.22
34.69 46.94 5760.86
36.73 46.94 6193.83
38.78 46.94 6637.31
40.82 46.94 7086.96
42.86 46.94 7544.94
44.9 46.94 8011.25
46.94 46.94 8485.87
48.98 46.94 8968.82
51.02 46.94 9460.1
53.06 46.94 9959.69
55.1 46.94 10467.61
57.14 46.94 10983.85
59.18 46.94 11508.42
61.22 46.94 12041.31
63.27 46.94 12585.19
65.31 46.94 13134.77
67.35 46.94 13692.67
69.39 46.94 14258.89
71.43 46.94 14833.44
73.47 46.94 15416.31
75.51 46.94 16007.5
77.55 46.94 16607.01
79.59 46.94 17214.85
81.63 46.94 17831.01
83.67 46.94 18455.5
85.71 46.94 19088.31
87.76 46.94 19732.6
89.8 46.94 20382.1
91.84 46.94 21039.91
93.88 46.94 21706.06
95.92 46.94 22380.52
97.96 46.94 23063.31
100.0 46.94 23754.42
0.0 48.98 -341.86
2.04 48.98 -37.94
4.08 48.98 274.3
6.12 48.98 594.87
8.16 48.98 923.76
10.2 48.98 1260.97
12.24 48.98 1606.5
14.29 48.98 1962.12
16.33 48.98 2324.34
18.37 48.98 2694.88
20.41 48.98 3073.75
22.45 48.98 3460.95
24.49 48.98 3856.46
26.53 48.98 4260.3
28.57 48.98 4672.46
30.61 48.98 5092.95
32.65 48.98 5521.75
34.69 48.98 5958.88
36.73 48.98 6404.34
38.78 48.98 6860.36
40.82 48.98 7322.5
42.86 48.98 7792.97
44.9 48.98 8271.76
46.94 48.98 8758.87
48.98 48.98 9254.3
51.02 48.98 9758.06
53.06 48.98 10270.14
55.1 48.98 10790.54
57.14 48.98 11319.27
59.18 48.98 11856.32
61.22 48.98 12401.7
63.27 48.98 12958.13
65.31 48.98 13520.19
67.35 48.98 14090.57
69.39 48.98 14669.28
71.43 48.98 15256.31
73.47 48.98 15851.66
75.51 48.98 16455.34
77.55 48.98 17067.34
79.59 48.98 17687.66
81.63 48.98 18316.31
83.67 48.98 18953.28
85.71 48.98 19598.57
87.76 48.98 20255.41
89.8 48.98 20917.39
91.84 48.98 21587.7
93.88 48.98 22266.32
95.92 48.98 22953.27
97.96 48.98 23648.54
100.0 48.98 24352.14
0.0 51.02 -356.14
2.04 51.02 -39.74
4.08 51.02 284.99
6.12 51.02 618.04
8.16 51.02 959.42
10.2 51.02 1309.11
12.24 51.02 1667.13
14.29 51.02 2035.29
16.33 51.02 2410.0
18.37 51.02 2793.03
20.41 51.02 3184.38
22.45 51.02 3584.06
24.49 51.02 3992.06
26.53 51.02 4408.38
28.57 51.02 4833.03
30.61 51.02 5266.0
32.65 51.02 5707.29
34.69 51.02 6156.91
36.73 51.02 6614.85
38.78 51.02 7083.42
40.82 51.02 7558.04
42.86 51.02 8040.99
44.9 51.02 8532.26
46.94 51.02 9031.86
48.98 51.02 9539.78
51.02 51.02 10056.02
53.06 51.02 10580.59
55.1 51.02 11113.48
57.14 51.02 11654.69
59.18 51.02 12204.22
61.22 51.02 12762.08
63.27 51.02 13331.06
65.31 51.02 13905.6
67.35 51.02 14488.47
69.39 51.02 15079.67
71.43 51.02 15679.18
73.47 51.02 16287.02
75.51 51.02 16903.18
77.55 51.02 17527.67
79.59 51.02 18160.47
81.63 51.02 18801.6
83.67 51.02 19451.06
85.71 51.02 20108.84
87.76 51.02 20778.22
89.8 51.02 21452.69
91.84 51.02 22135.48
93.88 51.02 22826.59
95.92 51.02 23526.02
97.96 51.02 24233.78
100.0 51.02 24949.86
0.0 53.06 -370.42
2.04 53.06 -41.53
4.08 53.06 295.68
6.12 53.06 641.22
8.16 53.06 995.07
10.2 53.06 1357.26
12.24 53.06 1727.76
14.29 53.06 2108.47
16.33 53.06 2495.66
18.37 53.06 2891.17
20.41 53.06 3295.01
22.45 53.06 3707.17
24.49 53.06 4127.66
26.53 53.06 4556.47
28.57 53.06 4993.6
30.61 53.06 5439.05
32.65 53.06 5892.83
34.69 53.06 6354.93
36.73 53.06 6825.35
38.78 53.06 7306.47
40.82 53.06 7793.58
42.86 53.06 8289.01
44.9 53.06 8792.77
46.94 53.06 9304.85
48.98 53.06 9825.26
51.02 53.06 10353.98
53.06 53.06 10891.03
55.1 53.06 11436.41
57.14 53.06 11990.1
59.18 53.06 12552.12
61.22 53.06 13122.47
63.27 53.06 13703.99
65.31 53.06 14291.02
67.35 53.06 14886.38
69.39 53.06 15490.05
71.43 53.06 16102.05
73.47 53.06 16722.38
75.51 53.06 17351.02
77.55 53.06 17987.99
79.59 53.06 18633.28
81.63 53.06 19286.9
83.67 53.06 19948.84
85.71 53.06 20619.1
87.76 53.06 21301.03
89.8 53.06 21987.98
91.84 53.06 22683.26
93.88 53.06 23386.85
95.92 53.06 24098.77
97.96 53.06 24819.01
100.0 53.06 25547.58
0.0 55.1 -384.7
2.04 55.1 -43.33
4.08 55.1 306.37
6.12 55.1 664.39
8.16 55.1 1030.73
10.2 55.1 1405.4
12.24 55.1 1788.39
14.29 55.1 2181.64
16.33 55.1 2581.32
18.37 55.1 2989.32
20.41 55.1 3405.64
22.45 55.1 3830.29
24.49 55.1 4263.26
26.53 55.1 4704.55
28.57 55.1 5154.17
30.61 55.1 5612.11
32.65 55.1 6078.37
34.69 55.1 6552.95
36.73 55.1 7035.86
38.78 55.1 7529.52
40.82 55.1 8029.12
42.86 55.1 8537.04
44.9 55.1 9053.28
46.94 55.1 9577.85
48.98 55.1 10110.73
51.02 55.1 10651.95
53.06 55.1 11201.48
55.1 55.1 11759.34
57.14 55.1 12325.52
59.18 55.1 12900.03
61.22 55.1 13482.85
63.27 55.1 14076.92
65.31 55.1 14676.44
67.35 55.1 15284.28
69.39 55.1 15900.44
71.43 55.1 16524.92
73.47 55.1 17157.73
75.51 55.1 17798.86
77.55 55.1 18448.32
79.59 55.1 19106.1
81.63 55.1 19772.2
83.67 55.1 20446.62
85.71 55.1 21129.37
87.76 55.1 21823.85
89.8 55.1 22523.28
91.84 55.1 23231.04
93.88 55.1 23947.12
95.92 55.1 24671.52
97.96 55.1 25404.25
100.0 55.1 26145.3
0.0 57.14 -398.98
2.04 57.14 -45.12
4.08 57.14 317.06
6.12 57.14 687.56
8.16 57.14 1066.39
10.2 57.14 1453.54
12.24 57.14 1849.02
14.29 57.14 2254.82
16.33 57.14 2666.98
18.37 57.14 3087.46
20.41 57.14 3516.27
22.45 57.14 3953.4
24.49 57.14 4398.86
26.53 57.14 4852.63
28.57 57.14 5314.73
30.61 57.14 5785.16
32.65 57.14 6263.91
34.69 57.14 6750.98
36.73 57.14 7246.37
38.78 57.14 7752.58
40.82 57.14 8264.66
42.86 57.14 8785.06
44.9 57.14 9313.79
46.94 57.14 9850.84
48.98 57.14 10396.21
51.02 57.14 10949.91
53.06 57.14 11511.93
55.1 57.14 12082.27
57.14 57.14 12660.94
59.18 57.14 13247.93
61.22 57.14 13843.24
63.27 57.14 14449.86
65.31 57.14 15061.86
67.35 57.14 15682.18
69.39 57.14 16310.83
71.43 57.14 16947.8
73.47 57.14 17593.09
75.51 57.14 18246.7
77.55 57.14 18908.64
79.59 57.14 19578.91
81.63 57.14 20257.49
83.67 57.14 20944.4
85.71 57.14 21639.63
87.76 57.14 22346.66
89.8 57.14 23058.58
91.84 57.14 23778.82
93.88 57.14 24507.38
95.92 57.14 25244.27
97.96 57.14 25989.48
100.0 57.14 26743.02
0.0 59.18 -413.26
2.04 59.18 -46.92
4.08 59.18 327.75
6.12 59.18 710.74
8.16 59.18 1102.05
10.2 59.18 1501.69
12.24 59.18 1909.65
14.29 59.18 2327.99
16.33 59.18 2752.64
18.37 59.18 3185.61
20.41 59.18 3626.9
22.45 59.18 4076.52
24.49 59.18 4534.45
26.53 59.18 5000.72
28.57 59.18 5475.3
30.61 59.18 5958.21
32.65 59.18 6449.44
34.69 59.18 6949.0
36.73 59.18 7456.88
38.78 59.18 7975.63
40.82 59.18 8500.2
42.86 59.18 9033.08
44.9 59.18 9574.3
46.94 59.18 10123.83
48.98 59.18 10681.69
51.02 59.18 11247.87
53.06 59.18 11822.38
55.1 59.18 12405.2
57.14 59.18 12996.36
59.18 59.18 13595.83
61.22 59.18 14203.63
63.27 59.18 14822.79
65.31 59.18 15447.27
67.35 59.18 16080.08
69.39 59.18 16721.21
71.43 59.18 17370.67
73.47 59.18 18028.44
75.51 59.18 18694.55
77.55 59.18 19368.97
79.59 59.18 20051.72
81.63 59.18 20742.79
83.67 59.18 21442.18
85.71 59.18 22149.9
87.76 59.18 22869.47
89.8 59.18 23593.87
91.84 59.18 24326.6
93.88 59.18 25067.65
95.92 59.18 25817.02
97.96 59.18 26574.72
100.0 59.18 27340.74
0.0 61.22 -427.54
2.04 61.22 -48.71
4.08 61.22 338.44
6.12 61.22 733.91
8.16 61.22 1137.71
10.2 61.22 1549.83
12.24 61.22 1970.28
14.29 61.22 2401.17
16.33 61.22 2838.3
18.37 61.22 3283.75
20.41 61.22 3737.53
22.45 61.22 4199.63
24.49 61.22 4670.05
26.53 61.22 5148.8
28.57 61.22 5635.87
30.61 61.22 6131.26
32.65 61.22 6634.98
34.69 61.22 7147.02
36.73 61.22 7667.38
38.78 61.22 8198.68
40.82 61.22 8735.73
42.86 61.22 9281.11
44.9 61.22 9834.8
46.94 61.22 10396.82
48.98 61.22 10967.17
51.02 61.22 11545.83
53.06 61.22 12132.82
55.1 61.22 12728.14
57.14 61.22 13331.77
59.18 61.22 13943.73
61.22 61.22 14564.01
63.27 61.22 15195.72
65.31 61.22 15832.69
67.35 61.22 16477.98
69.39 61.22 17131.6
71.43 61.22 17793.54
73.47 61.22 18463.8
75.51 61.22 19142.39
77.55 61.22 19829.3
79.59 61.22 20524.53
81.63 61.22 21228.08
83.67 61.22 21939.96
85.71 61.22 22660.16
87.76 61.22 23392.28
89.8 61.22 24129.17
91.84 61.22 24874.38
93.88 61.22 25627.92
95.92 61.22 26389.77
97.96 61.22 27159.96
100.0 61.22 27938.46
0.0 63.27 -441.89
2.04 63.27 -50.52
4.08 63.27 349.18
6.12 63.27 757.2
8.16 63.27 1173.55
10.2 63.27 1598.21
12.24 63.27 2031.2
14.29 63.27 2474.7
16.33 63.27 2924.38
18.37 63.27 3382.38
20.41 63.27 3848.7
22.45 63.27 4323.35
24.49 63.27 4806.32
26.53 63.27 5297.61
28.57 63.27 5797.23
30.61 63.27 6305.17
32.65 63.27 6821.43
34.69 63.27 7346.02
36.73 63.27 7878.92
38.78 63.27 8422.83
40.82 63.27 8972.43
42.86 63.27 9530.35
44.9 63.27 10096.59
46.94 63.27 10671.16
48.98 63.27 11254.04
51.02 63.27 11845.26
53.06 63.27 12444.79
55.1 63.27 13052.65
57.14 63.27 13668.83
59.18 63.27 14293.34
61.22 63.27 14926.17
63.27 63.27 15570.48
65.31 63.27 16220.0
67.35 63.27 16877.84
69.39 63.27 17544.0
71.43 63.27 18218.48
73.47 63.27 18901.29
75.51 63.27 19592.42
77.55 63.27 20291.88
79.59 63.27 20999.66
81.63 63.27 21715.76
83.67 63.27 22440.18
85.71 63.27 23172.93
87.76 63.27 23917.65
89.8 63.27 24667.09
91.84 63.27 25424.85
93.88 63.27 26190.93
95.92 63.27 26965.33
97.96 63.27 27748.06
100.0 63.27 28539.11
0.0 65.31 -456.17
2.04 65.31 -52.31
4.08 65.31 359.87
6.12 65.31 780.38
8.16 65.31 1209.2
10.2 65.31 1646.36
12.24 65.31 2091.83
14.29 65.31 2547.87
16.33 65.31 3010.04
18.37 65.31 3480.52
20.41 65.31 3959.33
22.45 65.31 4446.46
24.49 65.31 4941.92
26.53 65.31 5445.69
28.57 65.31 5957.8
30.61 65.31 6478.22
32.65 65.31 7006.97
34.69 65.31 7544.04
36.73 65.31 8089.43
38.78 65.31 8645.88
40.82 65.31 9207.96
42.86 65.31 9778.37
44.9 65.31 10357.1
46.94 65.31 10944.15
48.98 65.31 11539.52
51.02 65.31 12143.22
53.06 65.31 12755.24
55.1 65.31 13375.58
57.14 65.31 14004.25
59.18 65.31 14641.24
61.22 65.31 15286.55
63.27 65.31 15943.41
65.31 65.31 16605.41
67.35 65.31 17275.74
69.39 65.31 17954.38
71.43 65.31 18641.35
73.47 65.31 19336.65
75.51 65.31 20040.26
77.55 65.31 20752.2
79.59 65.31 21472.47
81.63 65.31 22201.05
83.67 65.31 22937.96
85.71 65.31 23683.19
87.76 65.31 24440.46
89.8 65.31 25202.38
91.84 65.31 25972.63
93.88 65.31 26751.19
95.92 65.31 27538.08
97.96 65.31 28333.29
100.0 65.31 29136.83
0.0 67.35 -470.45
2.04 67.35 -54.11
4.08 67.35 370.56
6.12 67.35 803.55
8.16 67.35 1244.86
10.2 67.35 1694.5
12.24 67.35 2152.46
14.29 67.35 2621.05
16.33 67.35 3095.7
18.37 67.35 3578.67
20.41 67.35 4069.96
22.45 67.35 4569.57
24.49 67.35 5077.51
26.53 67.35 5593.78
28.57 67.35 6118.36
30.61 67.35 6651.27
32.65 67.35 7192.5
34.69 67.35 7742.06
36.73 67.35 8299.94
38.78 67.35 8868.94
40.82 67.35 9443.5
42.86 67.35 10026.39
44.9 67.35 10617.6
46.94 67.35 11217.14
48.98 67.35 11825.0
51.02 67.35 12441.18
53.06 67.35 13065.69
55.1 67.35 13698.52
57.14 67.35 14339.67
59.18 67.35 14989.14
61.22 67.35 15646.94
63.27 67.35 16316.35
65.31 67.35 16990.83
67.35 67.35 17673.64
69.39 67.35 18364.77
71.43 67.35 19064.23
73.47 67.35 19772.0
75.51 67.35 20488.11
77.55 67.35 21212.53
79.59 67.35 21945.28
81.63 67.35 22686.35
83.67 67.35 23435.74
85.71 67.35 24193.46
87.76 67.35 24963.28
89.8 67.35 25737.68
91.84 67.35 26520.41
93.88 67.35 27311.46
95.92 67.35 28110.83
97.96 67.35 28918.53
100.0 67.35 29734.55
0.0 69.39 -484.73
2.04 69.39 -55.9
4.08 69.39 381.25
6.12 69.39 826.72
8.16 69.39 1280.52
10.2 69.39 1742.64
12.24 69.39 2213.09
14.29 69.39 2694.22
16.33 69.39 3181.35
18.37 69.39 3676.81
20.41 69.39 4180.59
22.45 69.39 4692.69
24.49 69.39 5213.11
26.53 69.39 5741.86
28.57 69.39 6278.93
30.61 69.39 6824.33
32.65 69.39 7378.04
34.69 69.39 7940.08
36.73 69.39 8510.45
38.78 69.39 9091.99
40.82 69.39 9679.04
42.86 69.39 10274.42
44.9 69.39 10878.11
46.94 69.39 11490.13
48.98 69.39 12110.48
51.02 69.39 12739.14
53.06 69.39 13376.13
55.1 69.39 14021.45
57.14 69.39 14675.08
59.18 69.39 15337.04
61.22 69.39 16007.33
63.27 69.39 16689.28
65.31 69.39 17376.25
67.35 69.39 18071.54
69.39 69.39 18775.16
71.43 69.39 19487.1
73.47 69.39 20207.36
75.51 69.39 20935.95
77.55 69.39 21672.86
79.59 69.39 22418.09
81.63 69.39 23171.64
83.67 69.39 23933.52
85.71 69.39 24703.72
87.76 69.39 25486.09
89.8 69.39 26272.98
91.84 69.39 27068.19
93.88 69.39 27871.72
95.92 69.39 28683.58
97.96 69.39 29503.76
100.0 69.39 30332.27
0.0 71.43 -499.01
2.04 71.43 -57.7
4.08 71.43 391.94
6.12 71.43 849.9
8.16 71.43 1316.18
10.2 71.43 1790.79
12.24 71.43 2273.72
14.29 71.43 2767.4
16.33 71.43 3267.01
18.37 71.43 3774.95
20.41 71.43 4291.22
22.45 71.43 4815.8
24.49 71.43 5348.71
26.53 71.43 5889.94
28.57 71.43 6439.5
30.61 71.43 6997.38
32.65 71.43 7563.58
34.69 71.43 8138.11
36.73 71.43 8720.95
38.78 71.43 9315.04
40.82 71.43 9914.58
42.86 71.43 10522.44
44.9 71.43 11138.62
46.94 71.43 11763.13
48.98 71.43 12395.95
51.02 71.43 13037.11
53.06 71.43 13686.58
55.1 71.43 14344.38
57.14 71.43 15010.5
59.18 71.43 15684.94
61.22 71.43 16367.71
63.27 71.43 17062.21
65.31 71.43 17761.67
67.35 71.43 18469.44
69.39 71.43 19185.55
71.43 71.43 19909.97
73.47 71.43 20642.72
75.51 71.43 21383.79
77.55 71.43 22133.18
79.59 71.43 22890.9
81.63 71.43 23656.94
83.67 71.43 24431.3
85.71 71.43 25213.99
87.76 71.43 26008.9
89.8 71.43 26808.27
91.84 71.43 27615.97
93.88 71.43 28431.99
95.92 71.43 29256.33
97.96 71.43 30089.0
100.0 71.43 30929.99
0.0 73.47 -513.29
2.04 73.47 -59.49
4.08 73.47 402.63
6.12 73.47 873.07
8.16 73.47 1351.84
10.2 73.47 1838.93
12.24 73.47 2334.35
14.29 73.47 2840.57
16.33 73.47 3352.67
18.37 73.47 3873.1
20.41 73.47 4401.85
22.45 73.47 4938.92
24.49 73.47 5484.31
26.53 73.47 6038.03
28.57 73.47 6600.07
30.61 73.47 7170.43
32.65 73.47 7749.12
34.69 73.47 8336.13
36.73 73.47 8931.46
38.78 73.47 9538.1
40.82 73.47 10150.12
42.86 73.47 10770.46
44.9 73.47 11399.13
46.94 73.47 12036.12
48.98 73.47 12681.43
51.02 73.47 13335.07
53.06 73.47 13997.03
55.1 73.47 14667.31
57.14 73.47 15345.92
59.18 73.47 16032.85
61.22 73.47 16728.1
63.27 73.47 17435.14
65.31 73.47 18147.08
67.35 73.47 18867.35
69.39 73.47 19595.93
71.43 73.47 20332.84
73.47 73.47 21078.07
75.51 73.47 21831.63
77.55 73.47 22593.51
79.59 73.47 23363.71
81.63 73.47 24142.24
83.67 73.47 24929.08
85.71 73.47 25724.26
87.76 73.47 26531.71
89.8 73.47 27343.57
91.84 73.47 28163.75
93.88 73.47 28992.26
95.92 73.47 29829.08
97.96 73.47 30674.24
100.0 73.47 31527.71
0.0 75.51 -527.57
2.04 75.51 -61.29
4.08 75.51 413.32
6.12 75.51 896.25
8.16 75.51 1387.5
10.2 75.51 1887.08
12.24 75.51 2394.97
14.29 75.51 2913.75
16.33 75.51 3438.33
18.37 75.51 3971.24
20.41 75.51 4512.48
22.45 75.51 5062.03
24.49 75.51 5619.91
26.53 75.51 6186.11
28.57 75.51 6760.64
30.61 75.51 7343.49
32.65 75.51 7934.66
34.69 75.51 8534.15
36.73 75.51 9141.97
38.78 75.51 9761.15
40.82 75.51 10385.66
42.86 75.51 11018.49
44.9 75.51 11659.64
46.94 75.51 12309.11
48.98 75.51 12966.91
51.02 75.51 13633.03
53.06 75.51 14307.48
55.1 75.51 14990.24
57.14 75.51 15681.33
59.18 75.51 16380.75
61.22 75.51 17088.48
63.27 75.51 17808.08
65.31 75.51 18532.5
67.35 75.51 19265.25
69.39 75.51 20006.32
71.43 75.51 20755.71
73.47 75.51 21513.43
75.51 75.51 22279.47
77.55 75.51 23053.83
79.59 75.51 23836.52
81.63 75.51 24627.53
83.67 75.51 25426.86
85.71 75.51 26234.52
87.76 75.51 27054.52
89.8 75.51 27878.86
91.84 75.51 28711.53
93.88 75.51 29552.52
95.92 75.51 30401.83
97.96 75.51 31259.47
100.0 75.51 32125.43
0.0 77.55 -541.85
2.04 77.55 -63.08
4.08 77.55 424.01
6.12 77.55 919.42
8.16 77.55 1423.16
10.2 77.55 1935.22
12.24 77.55 2455.6
14.29 77.55 2986.92
16.33 77.55 3523.99
18.37 77.55 4069.39
20.41 77.55 4623.1
22.45 77.55 5185.14
24.49 77.55 5755.51
26.53 77.55 6334.2
28.57 77.55 6921.21
30.61 77.55 7516.54
32.65 77.55 8120.19
34.69 77.55 8732.17
36.73 77.55 9352.48
38.78 77.55 9984.21
40.82 77.55 10621.2
42.86 77.55 11266.51
44.9 77.55 11920.14
46.94 77.55 12582.1
48.98 77.55 13252.39
51.02 77.55 13930.99
53.06 77.55 14617.92
55.1 77.55 15313.18
57.14 77.55 16016.75
59.18 77.55 16728.65
61.22 77.55 17448.87
63.27 77.55 18181.01
65.31 77.55 18917.92
67.35 77.55 19663.15
69.39 77.55 20416.71
71.43 77.55 21178.58
73.47 77.55 21948.79
75.51 77.55 22727.31
77.55 77.55 23514.16
79.59 77.55 24309.33
81.63 77.55 25112.83
83.67 77.55 25924.64
85.71 77.55 26744.79
87.76 77.55 27577.33
89.8 77.55 28414.16
91.84 77.55 29259.31
93.88 77.55 30112.79
95.92 77.55 30974.58
97.96 77.55 31844.71
100.0 77.55 32723.15
0.0 79.59 -556.13
2.04 79.59 -64.88
4.08 79.59 434.7
6.12 79.59 942.6
8.16 79.59 1458.82
10.2 79.59 1983.36
12.24 79.59 2516.23
14.29 79.59 3060.1
16.33 79.59 3609.65
18.37 79.59 4167.53
20.41 79.59 4733.73
22.45 79.59 5308.26
24.49 79.59 5891.11
26.53 79.59 6482.28
28.57 79.59 7081.77
30.61 79.59 7689.59
32.65 79.59 8305.73
34.69 79.59 8930.2
36.73 79.59 9562.98
38.78 79.59 10207.26
40.82 79.59 10856.73
42.86 79.59 11514.53
44.9 79.59 12180.65
46.94 79.59 12855.1
48.98 79.59 13537.87
51.02 79.59 14228.96
53.06 79.59 14928.37
55.1 79.59 15636.11
57.14 79.59 16352.17
59.18 79.59 17076.55
61.22 79.59 17809.26
63.27 79.59 18553.94
65.31 79.59 19303.33
67.35 79.59 20061.05
69.39 79.59 20827.09
71.43 79.59 21601.46
73.47 79.59 22384.14
75.51 79.59 23175.15
77.55 79.59 23974.49
79.59 79.59 24782.14
81.63 79.59 25598.12
83.67 79.59 26422.42
85.71 79.59 27255.05
87.76 79.59 28100.14
89.8 79.59 28949.46
91.84 79.59 29807.09
93.88 79.59 30673.05
95.92 79.59 31547.33
97.96 79.59 32429.94
100.0 79.59 33320.87
0.0 81.63 -570.41
2.04 81.63 -66.67
4.08 81.63 445.39
6.12 81.63 965.77
8.16 81.63 1494.48
10.2 81.63 2031.51
12.24 81.63 2576.86
14.29 81.63 3133.27
16.33 81.63 3695.31
18.37 81.63 4265.68
20.41 81.63 4844.36
22.45 81.63 5431.37
24.49 81.63 6026.71
26.53 81.63 6630.36
28.57 81.63 7242.34
30.61 81.63 7862.64
32.65 81.63 8491.27
34.69 81.63 9128.22
36.73 81.63 9773.49
38.78 81.63 10430.31
40.82 81.63 11092.27
42.86 81.63 11762.55
44.9 81.63 12441.16
46.94 81.63 13128.09
48.98 81.63 13823.34
51.02 81.63 14526.92
53.06 81.63 15238.82
55.1 81.63 15959.04
57.14 81.63 16687.58
59.18 81.63 17424.45
61.22 81.63 18169.64
63.27 81.63 18926.87
65.31 81.63 19688.75
67.35 81.63 20458.95
69.39 81.63 21237.48
71.43 81.63 22024.33
73.47 81.63 22819.5
75.51 81.63 23622.99
77.55 81.63 24434.81
79.59 81.63 25254.95
81.63 81.63 26083.42
83.67 81.63 26920.21
85.71 81.63 27765.32
87.76 81.63 28622.95
89.8 81.63 29484.75
91.84 81.63 30354.87
93.88 81.63 31233.32
95.92 81.63 32120.09
97.96 81.63 33015.18
100.0 81.63 33918.59
0.0 83.67 -584.69
2.04 83.67 -68.47
4.08 83.67 456.08
6.12 83.67 988.95
8.16 83.67 1530.14
10.2 83.67 2079.65
12.24 83.67 2637.49
14.29 83.67 3206.45
16.33 83.67 3780.97
18.37 83.67 4363.82
20.41 83.67 4954.99
22.45 83.67 5554.49
24.49 83.67 6162.3
26.53 83.67 6778.45
28.57 83.67 7402.91
30.61 83.67 8035.7
32.65 83.67 8676.81
34.69 83.67 9326.24
36.73 83.67 9984.0
38.78 83.67 10653.37
40.82 83.67 11327.81
42.86 83.67 12010.58
44.9 83.67 12701.67
46.94 83.67 13401.08
48.98 83.67 14108.82
51.02 83.67 14824.88
53.06 83.67 15549.26
55.1 83.67 16281.97
57.14 83.67 17023.0
59.18 83.67 17772.35
61.22 83.67 18530.03
63.27 83.67 19299.81
65.31 83.67 20074.17
67.35 83.67 20856.86
69.39 83.67 21647.87
71.43 83.67 22447.2
73.47 83.67 23254.86
75.51 83.67 24070.84
77.55 83.67 24895.14
79.59 83.67 25727.76
81.63 83.67 26568.71
83.67 83.67 27417.99
85.71 83.67 28275.58
87.76 83.67 29145.77
89.8 83.67 30020.05
91.84 83.67 30902.65
93.88 83.67 31793.58
95.92 83.67 32692.84
97.96 83.67 33600.41
100.0 83.67 34516.31
0.0 85.71 -598.97
2.04 85.71 -70.26
4.08 85.71 466.77
6.12 85.71 1012.12
8.16 85.71 1565.8
10.2 85.71 2127.8
12.24 85.71 2698.12
14.29 85.71 3279.62
16.33 85.71 3866.63
18.37 85.71 4461.96
20.41 85.71 5065.62
22.45 85.71 5677.6
24.49 85.71 6297.9
26.53 85.71 6926.53
28.57 85.71 7563.48
30.61 85.71 8208.75
32.65 85.71 8862.35
34.69 85.71 9524.27
36.73 85.71 10194.51
38.78 85.71 10876.42
40.82 85.71 11563.35
42.86 85.71 12258.6
44.9 85.71 12962.18
46.94 85.71 13674.08
48.98 85.71 14394.3
51.02 85.71 15122.84
53.06 85.71 15859.71
55.1 85.71 16604.9
57.14 85.71 17358.42
59.18 85.71 18120.26
61.22 85.71 18890.42
63.27 85.71 19672.74
65.31 85.71 20459.59
67.35 85.71 21254.76
69.39 85.71 22058.25
71.43 85.71 22870.07
73.47 85.71 23690.21
75.51 85.71 24518.68
77.55 85.71 25355.46
79.59 85.71 26200.57
81.63 85.71 27054.01
83.67 85.71 27915.77
85.71 85.71 28785.85
87.76 85.71 29668.58
89.8 85.71 30555.34
91.84 85.71 31450.43
93.88 85.71 32353.85
95.92 85.71 33265.59
97.96 85.71 34185.65
100.0 85.71 35114.03
0.0 87.76 -613.32
2.04 87.76 -72.07
4.08 87.76 477.51
6.12 87.76 1035.41
8.16 87.76 1601.63
10.2 87.76 2176.18
12.24 87.76 2759.04
14.29 87.76 3353.16
16.33 87.76 3952.71
18.37 87.76 4560.59
20.41 87.76 5176.79
22.45 87.76 5801.32
24.49 87.76 6434.17
26.53 87.76 7075.34
28.57 87.76 7724.83
30.61 87.76 8382.65
32.65 87.76 9048.79
34.69 87.76 9723.26
36.73 87.76 10406.05
38.78 87.76 11100.57
40.82 87.76 11800.04
42.86 87.76 12507.84
44.9 87.76 13223.96
46.94 87.76 13948.41
48.98 87.76 14681.17
51.02 87.76 15422.27
53.06 87.76 16171.68
55.1 87.76 16929.42
57.14 87.76 17695.48
59.18 87.76 18469.86
61.22 87.76 19252.57
63.27 87.76 20047.5
65.31 87.76 20846.89
67.35 87.76 21654.61
69.39 87.76 22470.65
71.43 87.76 23295.02
73.47 87.76 24127.7
75.51 87.76 24968.71
77.55 87.76 25818.05
79.59 87.76 26675.7
81.63 87.76 27541.68
83.67 87.76 28415.99
85.71 87.76 29298.61
87.76 87.76 30193.95
89.8 87.76 31093.26
91.84 87.76 32000.9
93.88 87.76 32916.86
95.92 87.76 33841.14
97.96 87.76 34773.75
100.0 87.76 35714.68
0.0 89.8 -627.6
2.04 89.8 -73.86
4.08 89.8 488.2
6.12 89.8 1058.58
8.16 89.8 1637.29
10.2 89.8 2224.32
12.24 89.8 2819.67
14.29 89.8 3426.33
16.33 89.8 4038.37
18.37 89.8 4658.73
20.41 89.8 5287.42
22.45 89.8 5924.43
24.49 89.8 6569.77
26.53 89.8 7223.42
28.57 89.8 7885.4
30.61 89.8 8555.71
32.65 89.8 9234.33
34.69 89.8 9921.28
36.73 89.8 10616.55
38.78 89.8 11323.62
40.82 89.8 12035.58
42.86 89.8 12755.86
44.9 89.8 13484.47
46.94 89.8 14221.4
48.98 89.8 14966.65
51.02 89.8 15720.23
53.06 89.8 16482.13
55.1 89.8 17252.35
57.14 89.8 18030.9
59.18 89.8 18817.76
61.22 89.8 19612.96
63.27 89.8 20420.43
65.31 89.8 21232.31
67.35 89.8 22052.51
69.39 89.8 22881.04
71.43 89.8 23717.89
73.47 89.8 24563.06
75.51 89.8 25416.55
77.55 89.8 26278.37
79.59 89.8 27148.51
81.63 89.8 28026.98
83.67 89.8 28913.77
85.71 89.8 29808.88
87.76 89.8 30716.76
89.8 89.8 31628.56
91.84 89.8 32548.68
93.88 89.8 33477.13
95.92 89.8 34413.89
97.96 89.8 35358.99
100.0 89.8 36312.4
0.0 91.84 -641.88
2.04 91.84 -75.66
4.08 91.84 498.89
6.12 91.84 1081.76
8.16 91.84 1672.95
10.2 91.84 2272.46
12.24 91.84 2880.3
14.29 91.84 3499.5
16.33 91.84 4124.03
18.37 91.84 4756.88
20.41 91.84 5398.05
22.45 91.84 6047.55
24.49 91.84 6705.36
26.53 91.84 7371.51
28.57 91.84 8045.97
30.61 91.84 8728.76
32.65 91.84 9419.87
34.69 91.84 10119.3
36.73 91.84 10827.06
38.78 91.84 11546.67
40.82 91.84 12271.12
42.86 91.84 13003.89
44.9 91.84 13744.98
46.94 91.84 14494.39
48.98 91.84 15252.13
51.02 91.84 16018.19
53.06 91.84 16792.57
55.1 91.84 17575.28
57.14 91.84 18366.31
59.18 91.84 19165.67
61.22 91.84 19973.34
63.27 91.84 20793.36
65.31 91.84 21617.73
67.35 91.84 22450.41
69.39 91.84 23291.42
71.43 91.84 24140.76
73.47 91.84 24998.42
75.51 91.84 25864.4
77.55 91.84 26738.7
79.59 91.84 27621.32
81.63 91.84 28512.27
83.67 91.84 29411.55
85.71 91.84 30319.14
87.76 91.84 31239.57
89.8 91.84 32163.86
91.84 91.84 33096.46
93.88 91.84 34037.39
95.92 91.84 34986.64
97.96 91.84 35944.22
100.0 91.84 36910.12
0.0 93.88 -656.16
2.04 93.88 -77.45
4.08 93.88 509.58
6.12 93.88 1104.93
8.16 93.88 1708.61
10.2 93.88 2320.61
12.24 93.88 2940.93
14.29 93.88 3572.68
16.33 93.88 4209.69
18.37 93.88 4855.02
20.41 93.88 5508.68
22.45 93.88 6170.66
24.49 93.88 6840.96
26.53 93.88 7519.59
28.57 93.88 8206.54
30.61 93.88 8901.81
32.65 93.88 9605.41
34.69 93.88 10317.33
36.73 93.88 11037.57
38.78 93.88 11769.73
40.82 93.88 12506.66
42.86 93.88 13251.91
44.9 93.88 14005.49
46.94 93.88 14767.39
48.98 93.88 15537.61
51.02 93.88 16316.15
53.06 93.88 17103.02
55.1 93.88 17898.21
57.14 93.88 18701.73
59.18 93.88 19513.57
61.22 93.88 20333.73
63.27 93.88 21166.3
65.31 93.88 22003.14
67.35 93.88 22848.32
69.39 93.88 23701.81
71.43 93.88 24563.63
73.47 93.88 25433.77
75.51 93.88 26312.24
77.55 93.88 27199.02
79.59 93.88 28094.14
81.63 93.88 28997.57
83.67 93.88 29909.33
85.71 93.88 30829.41
87.76 93.88 31762.38
89.8 93.88 32699.15
91.84 93.88 33644.24
93.88 93.88 34597.66
95.92 93.88 35559.4
97.96 93.88 36529.46
100.0 93.88 37507.84
0.0 95.92 -670.44
2.04 95.92 -79.25
4.08 95.92 520.27
6.12 95.92 1128.11
8.16 95.92 1744.27
10.2 95.92 2368.75
12.24 95.92 3001.56
14.29 95.92 3645.85
16.33 95.92 4295.35
18.37 95.92 4953.17
20.41 95.92 5619.31
22.45 95.92 6293.77
24.49 95.92 6976.56
26.53 95.92 7667.67
28.57 95.92 8367.11
30.61 95.92 9074.87
32.65 95.92 9790.95
34.69 95.92 10515.35
36.73 95.92 11248.08
38.78 95.92 11992.78
40.82 95.92 12742.2
42.86 95.92 13499.93
44.9 95.92 14265.99
46.94 95.92 15040.38
48.98 95.92 15823.09
51.02 95.92 16614.12
53.06 95.92 17413.47
55.1 95.92 18221.15
57.14 95.92 19037.15
59.18 95.92 19861.47
61.22 95.92 20694.12
63.27 95.92 21539.23
65.31 95.92 22388.56
67.35 95.92 23246.22
69.39 95.92 24112.2
71.43 95.92 24986.5
73.47 95.92 25869.13
75.51 95.92 26760.08
77.55 95.92 27659.35
79.59 95.92 28566.95
81.63 95.92 29482.87
83.67 95.92 30407.11
85.71 95.92 31339.67
87.76 95.92 32285.2
89.8 95.92 33234.45
91.84 95.92 34192.02
93.88 95.92 35157.92
95.92 95.92 36132.15
97.96 95.92 37114.69
100.0 95.92 38105.56
0.0 97.96 -684.72
2.04 97.96 -81.04
4.08 97.96 530.96
6.12 97.96 1151.28
8.16 97.96 1779.93
10.2 97.96 2416.9
12.24 97.96 3062.19
14.29 97.96 3719.03
16.33 97.96 4381.01
18.37 97.96 5051.31
20.41 97.96 5729.94
22.45 97.96 6416.89
24.49 97.96 7112.16
26.53 97.96 7815.76
28.57 97.96 8527.68
30.61 97.96 9247.92
32.65 97.96 9976.48
34.69 97.96 10713.37
36.73 97.96 11458.59
38.78 97.96 12215.83
40.82 97.96 12977.73
42.86 97.96 13747.96
44.9 97.96 14526.5
46.94 97.96 15313.37
48.98 97.96 16108.56
51.02 97.96 16912.08
53.06 97.96 17723.92
55.1 97.96 18544.08
57.14 97.96 19372.56
59.18 97.96 20209.37
61.22 97.96 21054.5
63.27 97.96 21912.16
65.31 97.96 22773.98
67.35 97.96 23644.12
69.39 97.96 24522.59
71.43 97.96 25409.37
73.47 97.96 26304.48
75.51 97.96 27207.92
77.55 97.96 28119.68
79.59 97.96 29039.76
81.63 97.96 29968.16
83.67 97.96 30904.89
85.71 97.96 31849.94
87.76 97.96 32808.01
89.8 97.96 33769.74
91.84 97.96 34739.8
93.88 97.96 35718.19
95.92 97.96 36704.9
97.96 97.96 37699.93
100.0 97.96 38703.28
0.0 100.0 -699.0
2.04 100.0 -82.84
4.08 100.0 541.65
6.12 100.0 1174.45
8.16 100.0 1815.59
10.2 100.0 2465.04
12.24 100.0 3122.82
14.29 100.0 3792.2
16.33 100.0 4466.67
18.37 100.0 5149.46
20.41 100.0 5840.57
22.45 100.0 6540.0
24.49 100.0 7247.76
26.53 100.0 7963.84
28.57 100.0 8688.24
30.61 100.0 9420.97
32.65 100.0 10162.02
34.69 100.0 10911.4
36.73 100.0 11669.09
38.78 100.0 12438.89
40.82 100.0 13213.27
42.86 100.0 13995.98
44.9 100.0 14787.01
46.94 100.0 15586.36
48.98 100.0 16394.04
51.02 100.0 17210.04
53.06 100.0 18034.36
55.1 100.0 18867.01
57.14 100.0 19707.98
59.18 100.0 20557.27
61.22 100.0 21414.89
63.27 100.0 22285.09
65.31 100.0 23159.4
67.35 100.0 24042.02
69.39 100.0 24932.97
71.43 100.0 25832.24
73.47 100.0 26739.84
75.51 100.0 27655.76
77.55 100.0 28580.0
79.59 100.0 29512.57
81.63 100.0 30453.46
83.67 100.0 31402.67
85.71 100.0 32360.2
87.76 100.0 33330.82
89.8 100.0 34305.04
91.84 100.0 35287.59
93.88 100.0 36278.45
95.92 100.0 37277.65
97.96 100.0 38285.16
100.0 100.0 39301.0
