8856 7283 ; 8856
7255 8328 ; 8328
-2024 -5 ; -5
4622 8732 ; 8732
-7666 4886 ; 4886
3656 -4293 ; 3656
7315 -485 ; 7315
-7834 -3468 ; -3468
-3130 -1792 ; -1792
-1507 6402 ; 6402
-9805 -4396 ; -4396
-3279 9877 ; 9877
-3506 8033 ; 8033
-2052 -9256 ; -2052
-6972 3767 ; 3767
-5330 2090 ; 2090
1880 8932 ; 8932
6170 9156 ; 9156
-7673 35 ; 35
-6517 -8305 ; -6517
798 -2675 ; 798
680 -2178 ; 680
6271 1575 ; 6271
8075 -7548 ; 8075
3776 -6338 ; 3776
6609 -7641 ; 6609
8990 -8047 ; 8990
-2637 -7282 ; -2637
848 3498 ; 3498
-5166 7104 ; 7104
-180 -7486 ; -180
-9618 -7074 ; -7074
3522 -7163 ; 3522
-7106 8706 ; 8706
-5968 -6061 ; -5968
3562 120 ; 3562
-5224 -9089 ; -5224
-9280 -4599 ; -4599
781 -2422 ; 781
-634 -5316 ; -634
1237 -7729 ; 1237
5727 1560 ; 5727
7551 9158 ; 9158
-2210 9499 ; 9499
-278 9537 ; 9537
-6280 -1799 ; -1799
3411 1294 ; 3411
9069 3952 ; 9069
-4953 6672 ; 6672
4675 5604 ; 5604
-5777 -8341 ; -5777
9520 -7336 ; 9520
-7922 -4203 ; -4203
3111 -4275 ; 3111
5141 761 ; 5141
-6919 -3132 ; -3132
-1123 -7536 ; -1123
8461 2786 ; 8461
-5580 8231 ; 8231
-3432 -4453 ; -3432
8852 -735 ; 8852
-9585 -3542 ; -3542
2743 3296 ; 3296
4595 -7620 ; 4595
-6987 2555 ; 2555
-969 5265 ; 5265
-9226 -6968 ; -6968
-1937 2530 ; 2530
5493 -2390 ; 5493
-8533 6721 ; 6721
7646 4627 ; 7646
1762 -860 ; 1762
-1106 308 ; 308
-6113 4038 ; 4038
4287 1150 ; 4287
-9235 -884 ; -884
9348 -178 ; 9348
7427 -8297 ; 7427
-4268 5811 ; 5811
-2964 5506 ; 5506
-9134 4023 ; 4023
-7198 -8667 ; -7198
3726 5449 ; 5449
6988 -940 ; 6988
-7608 9921 ; 9921
5317 -5692 ; 5317
80 4305 ; 4305
3305 7851 ; 7851
5244 3364 ; 5244
-1308 -8812 ; -1308
4620 8327 ; 8327
-5554 -9532 ; -5554
2232 -6831 ; 2232
-6773 3657 ; 3657
8443 -1964 ; 8443
-2074 -1883 ; -1883
5538 8748 ; 8748
-3170 -4781 ; -3170
-1940 -3678 ; -1940
-3190 4723 ; 4723