-7790 -8470 ; -7790 -8470
7244 3644 ; 7244 3644
-3016 -1642 ; -3016 -1642
5231 -9486 ; 5231 -9486
9745 3027 ; 9745 3027
-3531 8631 ; -3531 8631
2482 -1524 ; 2482 -1524
8083 233 ; 8083 233
6502 -1273 ; 6502 -1273
-2725 -7235 ; -2725 -7235
-6097 4552 ; -6097 4552
-3246 -9473 ; -3246 -9473
5465 -4853 ; 5465 -4853
-5274 -3159 ; -5274 -3159
-1718 9222 ; -1718 9222
-6903 -6944 ; -6903 -6944
2310 -3973 ; 2310 -3973
8441 5404 ; 8441 5404
-3433 -4237 ; -3433 -4237
2389 -3703 ; 2389 -3703
6866 -8036 ; 6866 -8036
1085 -1118 ; 1085 -1118
-6866 -21 ; -6866 -21
5373 7024 ; 5373 7024
-425 -9925 ; -425 -9925
-1006 -5243 ; -1006 -5243
-9745 2992 ; -9745 2992
3597 -8442 ; 3597 -8442
317 -9798 ; 317 -9798
5053 9181 ; 5053 9181
3900 5596 ; 3900 5596
4397 -1234 ; 4397 -1234
-3232 396 ; -3232 396
-197 2005 ; -197 2005
-4144 2020 ; -4144 2020
6844 -6440 ; 6844 -6440
5151 -4907 ; 5151 -4907
3818 280 ; 3818 280
4824 -9731 ; 4824 -9731
-1704 5587 ; -1704 5587
-9272 7948 ; -9272 7948
6855 7338 ; 6855 7338
-6010 -2643 ; -6010 -2643
-9794 -8226 ; -9794 -8226
5921 -3254 ; 5921 -3254
-8211 6383 ; -8211 6383
-3502 4276 ; -3502 4276
-9239 1154 ; -9239 1154
-7119 8186 ; -7119 8186
6300 -5008 ; 6300 -5008
169 8727 ; 169 8727
7612 -4378 ; 7612 -4378
-809 5025 ; -809 5025
3440 -5071 ; 3440 -5071
-3624 4669 ; -3624 4669
9997 5911 ; 9997 5911
3825 7734 ; 3825 7734
-3545 -1916 ; -3545 -1916
-4424 402 ; -4424 402
-365 -1282 ; -365 -1282
6859 -4885 ; 6859 -4885
-6123 -6108 ; -6123 -6108
-1720 -2955 ; -1720 -2955
1724 7325 ; 1724 7325
-2753 6487 ; -2753 6487
8994 9384 ; 8994 9384
-6705 -6531 ; -6705 -6531
-78 -3111 ; -78 -3111
4016 8084 ; 4016 8084
294 1289 ; 294 1289
6367 -9536 ; 6367 -9536
8771 9253 ; 8771 9253
-3664 7894 ; -3664 7894
-6249 8364 ; -6249 8364
-6717 7209 ; -6717 7209
-9107 2598 ; -9107 2598
-2564 -1380 ; -2564 -1380
241 7546 ; 241 7546
9410 4926 ; 9410 4926
2882 8497 ; 2882 8497
-3434 307 ; -3434 307
5630 -8064 ; 5630 -8064
4794 9022 ; 4794 9022
-943 -973 ; -943 -973
-7163 -4005 ; -7163 -4005
258 6243 ; 258 6243
8612 3640 ; 8612 3640
5520 9964 ; 5520 9964
9434 4729 ; 9434 4729
-5916 -9032 ; -5916 -9032
-6648 -8570 ; -6648 -8570
-1344 -5858 ; -1344 -5858
9788 5905 ; 9788 5905
-8572 -2394 ; -8572 -2394
-9278 -8972 ; -9278 -8972
9058 -127 ; 9058 -127
-79 3754 ; -79 3754
-2056 8715 ; -2056 8715
5649 2945 ; 5649 2945
-5298 -831 ; -5298 -831