8772 7320 ; 64211040
4183 5202 ; 21759966
1024 216 ; 221184
8641 9965 ; 86107565
9211 3072 ; 28296192
9416 7436 ; 70017376
9282 9584 ; 88958688
4790 4403 ; 21090370
4655 3233 ; 15049615
526 8895 ; 4678770
1291 6094 ; 7867354
6655 4567 ; 30393385
539 9768 ; 5264952
9181 9628 ; 88394668
6242 3083 ; 19244086
6098 6355 ; 38752790
4478 6716 ; 30074248
3400 6500 ; 22100000
8227 7 ; 57589
4192 7427 ; 31133984
8132 3578 ; 29096296
9404 6849 ; 64407996
89 9243 ; 822627
3617 418 ; 1511906
5915 7149 ; 42286335
7080 9098 ; 64413840
7356 3990 ; 29350440
1830 5253 ; 9612990
7785 727 ; 5659695
4860 7130 ; 34651800
8148 1679 ; 13680492
844 7023 ; 5927412
3002 6211 ; 18645422
88 8054 ; 708752
7051 5307 ; 37419657
6167 7915 ; 48811805
4924 6701 ; 32995724
4069 3148 ; 12809212
5826 7237 ; 42162762
5721 9457 ; 54103497
9547 9741 ; 92997327
4832 173 ; 835936
4687 3061 ; 14346907
640 849 ; 543360
4205 3758 ; 15802390
8789 1860 ; 16347540
7884 6207 ; 48935988
1194 8253 ; 9854082
8793 1786 ; 15704298
4496 600 ; 2697600
4997 1276 ; 6376172
4707 86 ; 404802
8694 2259 ; 19639746
962 8068 ; 7761416
9170 6251 ; 57321670
3956 7839 ; 31011084
7059 8266 ; 58349694
1748 9124 ; 15948752
2316 1052 ; 2436432
8627 8096 ; 69844192
2818 5807 ; 16364126
5332 4379 ; 23348828
8576 2279 ; 19544704
9967 7351 ; 73267417
657 5677 ; 3729789
7119 7748 ; 55158012
1175 9061 ; 10646675
4512 2364 ; 10666368
3264 4076 ; 13304064
4452 2192 ; 9758784
9404 190 ; 1786760
2867 2067 ; 5926089
932 1682 ; 1567624
5357 6919 ; 37065083
3172 4570 ; 14496040
7374 7664 ; 56514336
6186 3025 ; 18712650
8936 5031 ; 44957016
7154 263 ; 1881502
7602 2569 ; 19529538
27 4154 ; 112158
5355 7821 ; 41881455
749 1970 ; 1475530
697 6763 ; 4713811
8037 969 ; 7787853
324 3783 ; 1225692
9835 2608 ; 25649680
2923 1482 ; 4331886
783 156 ; 122148
6303 2260 ; 14244780
7338 5636 ; 41356968
3891 5649 ; 21980259
9598 2566 ; 24628468
5516 8546 ; 47139736
3506 1153 ; 4042418
3538 9503 ; 33621614
691 1070 ; 739370
9547 2850 ; 27208950
6488 1401 ; 9089688
7748 4390 ; 34013720