5379 2590 ; 7969
8760 2070 ; 10830
2747 2324 ; 5071
2224 5899 ; 8123
9112 9908 ; 19020
2765 8746 ; 11511
1796 9680 ; 11476
7047 4947 ; 11994
7936 6758 ; 14694
1369 7372 ; 8741
2023 4623 ; 6646
2840 6416 ; 9256
442 7712 ; 8154
6240 1842 ; 8082
8260 7877 ; 16137
434 957 ; 1391
1505 7996 ; 9501
9232 2139 ; 11371
5464 8764 ; 14228
1239 4679 ; 5918
6370 2301 ; 8671
3941 1354 ; 5295
8624 5827 ; 14451
5862 8268 ; 14130
2240 8861 ; 11101
7861 7475 ; 15336
2407 1207 ; 3614
1091 4615 ; 5706
9558 5661 ; 15219
8597 7750 ; 16347
2989 7833 ; 10822
5497 3733 ; 9230
3683 8789 ; 12472
7277 3899 ; 11176
9979 2584 ; 12563
5429 6476 ; 11905
3069 62 ; 3131
2921 2505 ; 5426
772 4602 ; 5374
9833 311 ; 10144
6051 7165 ; 13216
2128 2246 ; 4374
4027 526 ; 4553
1755 4476 ; 6231
4124 7780 ; 11904
8586 2483 ; 11069
7039 1765 ; 8804
2723 1873 ; 4596
56 4440 ; 4496
2909 8411 ; 11320
1342 1832 ; 3174
8157 1825 ; 9982
8997 6364 ; 15361
6701 5442 ; 12143
8502 147 ; 8649
543 6012 ; 6555
4561 5279 ; 9840
3030 1932 ; 4962
6262 9337 ; 15599
2010 3908 ; 5918
6231 5257 ; 11488
6450 4129 ; 10579
4453 9571 ; 14024
705 8157 ; 8862
2294 6246 ; 8540
9036 9085 ; 18121
4164 598 ; 4762
5719 3363 ; 9082
6949 4558 ; 11507
3705 7472 ; 11177
1836 4208 ; 6044
2175 7538 ; 9713
4707 8846 ; 13553
1323 4115 ; 5438
33 8793 ; 8826
1495 9204 ; 10699
8380 7674 ; 16054
3856 5819 ; 9675
8882 4137 ; 13019
1300 6830 ; 8130
370 4181 ; 4551
3274 9735 ; 13009
755 1251 ; 2006
2408 3789 ; 6197
9289 6746 ; 16035
9317 4770 ; 14087
5559 7540 ; 13099
7287 4386 ; 11673
9759 3450 ; 13209
8776 1185 ; 9961
5195 1396 ; 6591
4626 8844 ; 13470
8783 2281 ; 11064
7979 1174 ; 9153
733 7461 ; 8194
3439 9958 ; 13397
742 4667 ; 5409
7518 56 ; 7574
5269 138 ; 5407
1906 4030 ; 5936