5521 4737 ; 784
6107 8070 ; -1963
9837 235 ; 9602
2453 7691 ; -5238
7808 8340 ; -532
2503 7455 ; -4952
3305 9173 ; -5868
6251 9867 ; -3616
2676 8388 ; -5712
5577 8385 ; -2808
5017 7229 ; -2212
9327 1527 ; 7800
4596 419 ; 4177
7540 9450 ; -1910
8862 4290 ; 4572
2899 4732 ; -1833
3434 2393 ; 1041
8160 4580 ; 3580
5616 2259 ; 3357
886 9779 ; -8893
659 8550 ; -7891
2804 8897 ; -6093
4837 8537 ; -3700
3300 6957 ; -3657
8416 2892 ; 5524
9232 3261 ; 5971
6102 7764 ; -1662
7867 7082 ; 785
4777 8828 ; -4051
3793 7117 ; -3324
2964 1120 ; 1844
7153 4450 ; 2703
8209 6465 ; 1744
3250 1428 ; 1822
4058 4382 ; -324
8692 2727 ; 5965
1802 8189 ; -6387
2283 6095 ; -3812
9624 2915 ; 6709
4319 1035 ; 3284
4380 8733 ; -4353
8996 6281 ; 2715
9855 2551 ; 7304
9505 8143 ; 1362
1450 4238 ; -2788
2440 9122 ; -6682
4079 4031 ; 48
3081 7356 ; -4275
3650 8902 ; -5252
8457 9386 ; -929
968 3442 ; -2474
4968 2710 ; 2258
7791 9668 ; -1877
9685 9018 ; 667
5119 7741 ; -2622
4530 7800 ; -3270
4059 1821 ; 2238
3879 1303 ; 2576
3938 5163 ; -1225
1633 3451 ; -1818
4446 2210 ; 2236
833 7392 ; -6559
842 6221 ; -5379
7773 8190 ; -417
4435 754 ; 3681
8219 4698 ; 3521
7075 3477 ; 3598
4789 6418 ; -1629
7402 1173 ; 6229
8054 4633 ; 3421
8893 1193 ; 7700
1941 5537 ; -3596
6791 9101 ; -2310
9556 4870 ; 4686
8022 4998 ; 3024
5929 4078 ; 1851
3536 7771 ; -4235
4486 3619 ; 867
6821 7566 ; -745
728 6043 ; -5315
1174 9248 ; -8074
2466 4176 ; -1710
2994 4776 ; -1782
1875 5007 ; -3132
8118 732 ; 7386
5092 5105 ; -13
8271 1156 ; 7115
3674 4492 ; -818
6780 5940 ; 840
3596 261 ; 3335
6141 7674 ; -1533
6302 2082 ; 4220
3190 2900 ; 290
1571 1154 ; 417
7759 7012 ; 747
7115 7912 ; -797
7366 4278 ; 3088
2192 6720 ; -4528
785 9470 ; -8685
8520 4593 ; 3927